1 1428 53 52 54
3 1428 56 55 57
5 1428 59 58 60
7 1428 62 61 63
9 1428 65 64 66
11 1428 68 67 69
13 1428 71 70 72
15 1428 74 73 75
17 1428 77 76 78
19 1428 80 79 81
21 1428 83 82 84
23 1428 86 85 87
25 1428 89 88 90
27 1428 92 91 93
29 1428 95 94 96
31 1428 98 97 99
33 1428 101 100 102
35 1428 104 103 105
37 1428 107 106 108
39 1428 110 109 111
41 1428 113 112 114
43 1428 116 115 117
45 1428 119 118 120
47 1428 122 121 123
49 1428 125 124 126
51 1428 128 127 129
52 1428 131 130 132
53 1428 134 133 135
54 1428 137 136 138
55 1428 140 139 141
56 1428 143 142 144
57 1428 146 145 147
58 1428 149 148 150
59 1428 152 151 153
60 1428 155 154 156
61 1428 158 157 159
62 1428 161 160 162
63 1428 164 163 165
64 1428 167 166 168
65 1428 170 169 171
66 1428 173 172 174
67 1428 176 175 177
68 1428 179 178 180
69 1428 182 181 183
70 1428 185 184 186
71 1428 188 187 189
72 1428 191 190 192
73 1428 194 193 195
74 1428 197 196 198
75 1428 200 199 201
76 1428 203 202 204
77 1428 206 205 207
78 1428 209 208 210
79 1428 212 211 213
80 1428 215 214 216
81 1428 218 217 219
82 1428 221 220 222
83 1428 224 223 225
84 1428 227 226 228
85 1428 230 229 231
86 1428 233 232 234
87 1428 236 235 237
88 1428 239 238 240
89 1428 242 241 243
90 1428 245 244 246
91 1428 248 247 249
92 1428 251 250 252
93 1428 254 253 255
94 1428 257 256 258
95 1428 260 259 261
96 1428 263 262 264
97 1428 266 265 267
98 1428 269 268 270
99 1428 272 271 273
100 1428 275 274 276
101 1428 278 277 279
102 1428 281 280 282
103 1428 284 283 285
104 1428 287 286 288
105 1428 290 289 291
106 1428 293 292 294
107 1428 296 295 297
108 1428 299 298 300
109 1428 302 301 303
110 1428 305 304 306
111 1428 308 307 309
112 1428 311 310 312
113 1428 314 313 315
114 1428 317 316 318
115 1428 320 319 321
116 1428 323 322 324
117 1428 326 325 327
118 1428 329 328 330
119 1428 332 331 333
120 1428 335 334 336
121 1428 338 337 339
122 1428 341 340 342
123 1428 344 343 345
124 1428 347 346 348
125 1428 350 349 351
2 1431 50 49 51
4 1432 353 352 354
6 1432 353 352 355
8 1432 353 352 356
10 1432 354 352 355
12 1432 354 352 356
14 1432 355 352 356
16 1432 358 357 359
18 1432 358 357 360
20 1432 358 357 361
22 1432 359 357 360
24 1432 359 357 361
26 1432 360 357 361
28 1432 363 362 364
30 1432 363 362 365
32 1432 363 362 366
34 1432 364 362 365
36 1432 364 362 366
38 1432 365 362 366
40 1432 368 367 369
42 1432 368 367 370
44 1432 368 367 371
46 1432 369 367 370
48 1432 369 367 371
50 1432 370 367 371
