1 1 991 0.0 1.4460333675264898 0.8348677539985997 0.0
2 1 991 0.0 4.338100102579469 0.8348677539985997 0.0
3 1 991 0.0 7.230166837632449 0.8348677539985997 0.0
4 1 991 0.0 10.12223357268543 0.8348677539985997 0.0
5 1 991 0.0 0.0 3.3394710159943988 0.0
6 1 991 0.0 2.8920667350529796 3.3394710159943988 0.0
7 1 991 0.0 5.784133470105959 3.3394710159943988 0.0
8 1 991 0.0 8.676200205158938 3.3394710159943988 0.0
9 1 991 0.0 1.4460333675264898 5.844074277990199 0.0
10 1 991 0.0 4.338100102579469 5.844074277990199 0.0
11 1 991 0.0 7.230166837632449 5.844074277990199 0.0
12 1 991 0.0 10.12223357268543 5.844074277990199 0.0
13 1 991 0.0 0.0 8.348677539985998 0.0
14 1 991 0.0 2.8920667350529796 8.348677539985998 0.0
15 1 991 0.0 5.784133470105959 8.348677539985998 0.0
16 1 991 0.0 8.676200205158938 8.348677539985998 0.0
17 1 991 0.0 0.0 1.6697355079971994 2.3613626009855695
18 1 991 0.0 2.8920667350529796 1.6697355079971994 2.3613626009855695
19 1 991 0.0 5.784133470105959 1.6697355079971994 2.3613626009855695
20 1 991 0.0 8.676200205158938 1.6697355079971994 2.3613626009855695
21 1 991 0.0 1.4460333675264898 4.174338769992998 2.3613626009855695
22 1 991 0.0 4.338100102579469 4.174338769992998 2.3613626009855695
23 1 991 0.0 7.230166837632449 4.174338769992998 2.3613626009855695
24 1 991 0.0 10.12223357268543 4.174338769992998 2.3613626009855695
25 1 991 0.0 0.0 6.6789420319887975 2.3613626009855695
26 1 991 0.0 2.8920667350529796 6.6789420319887975 2.3613626009855695
27 1 991 0.0 5.784133470105959 6.6789420319887975 2.3613626009855695
28 1 991 0.0 8.676200205158938 6.6789420319887975 2.3613626009855695
29 1 991 0.0 1.4460333675264898 9.183545293984597 2.3613626009855695
30 1 991 0.0 4.338100102579469 9.183545293984597 2.3613626009855695
31 1 991 0.0 7.230166837632449 9.183545293984597 2.3613626009855695
32 1 991 0.0 10.12223357268543 9.183545293984597 2.3613626009855695
33 1 991 0.0 0.0 0.0 4.722725201971139
34 1 991 0.0 2.8920667350529796 0.0 4.722725201971139
35 1 991 0.0 5.784133470105959 0.0 4.722725201971139
36 1 991 0.0 8.676200205158938 0.0 4.722725201971139
37 1 991 0.0 1.4460333675264898 2.504603261995799 4.722725201971139
38 1 991 0.0 4.338100102579469 2.504603261995799 4.722725201971139
39 1 991 0.0 7.230166837632449 2.504603261995799 4.722725201971139
40 1 991 0.0 10.12223357268543 2.504603261995799 4.722725201971139
41 1 991 0.0 0.0 5.009206523991598 4.722725201971139
42 1 991 0.0 2.8920667350529796 5.009206523991598 4.722725201971139
43 1 991 0.0 5.784133470105959 5.009206523991598 4.722725201971139
44 1 991 0.0 8.676200205158938 5.009206523991598 4.722725201971139
45 1 991 0.0 1.4460333675264898 7.513809785987398 4.722725201971139
46 1 991 0.0 4.338100102579469 7.513809785987398 4.722725201971139
47 1 991 0.0 7.230166837632449 7.513809785987398 4.722725201971139
48 1 991 0.0 10.12223357268543 7.513809785987398 4.722725201971139
49 2 992 0.700000 0.0 0.0 0.0
50 2 993 -0.350000 -0.033 -1.141 0.547
51 2 994 -0.350000 0.039 1.075 0.697
52 3 976 -0.834 0.0 0.0 0.0
53 3 977 0.417 0.756950327 0.0 0.5858822766
54 3 977 0.417 -0.756950327 0.0 0.5858822766
55 4 976 -0.834 0.0 0.0 0.0
56 4 977 0.417 0.756950327 0.0 0.5858822766
57 4 977 0.417 -0.756950327 0.0 0.5858822766
58 5 976 -0.834 0.0 0.0 0.0
59 5 977 0.417 0.756950327 0.0 0.5858822766
60 5 977 0.417 -0.756950327 0.0 0.5858822766
61 6 976 -0.834 0.0 0.0 0.0
62 6 977 0.417 0.756950327 0.0 0.5858822766
63 6 977 0.417 -0.756950327 0.0 0.5858822766
64 7 976 -0.834 0.0 0.0 0.0
65 7 977 0.417 0.756950327 0.0 0.5858822766
66 7 977 0.417 -0.756950327 0.0 0.5858822766
67 8 976 -0.834 0.0 0.0 0.0
68 8 977 0.417 0.756950327 0.0 0.5858822766
69 8 977 0.417 -0.756950327 0.0 0.5858822766
70 9 976 -0.834 0.0 0.0 0.0
71 9 977 0.417 0.756950327 0.0 0.5858822766
72 9 977 0.417 -0.756950327 0.0 0.5858822766
73 10 976 -0.834 0.0 0.0 0.0
74 10 977 0.417 0.756950327 0.0 0.5858822766
75 10 977 0.417 -0.756950327 0.0 0.5858822766
76 11 976 -0.834 0.0 0.0 0.0
77 11 977 0.417 0.756950327 0.0 0.5858822766
78 11 977 0.417 -0.756950327 0.0 0.5858822766
79 12 976 -0.834 0.0 0.0 0.0
80 12 977 0.417 0.756950327 0.0 0.5858822766
81 12 977 0.417 -0.756950327 0.0 0.5858822766
82 13 976 -0.834 0.0 0.0 0.0
83 13 977 0.417 0.756950327 0.0 0.5858822766
84 13 977 0.417 -0.756950327 0.0 0.5858822766
85 14 976 -0.834 0.0 0.0 0.0
86 14 977 0.417 0.756950327 0.0 0.5858822766
87 14 977 0.417 -0.756950327 0.0 0.5858822766
88 15 976 -0.834 0.0 0.0 0.0
89 15 977 0.417 0.756950327 0.0 0.5858822766
90 15 977 0.417 -0.756950327 0.0 0.5858822766
91 16 976 -0.834 0.0 0.0 0.0
92 16 977 0.417 0.756950327 0.0 0.5858822766
93 16 977 0.417 -0.756950327 0.0 0.5858822766
94 17 976 -0.834 0.0 0.0 0.0
95 17 977 0.417 0.756950327 0.0 0.5858822766
96 17 977 0.417 -0.756950327 0.0 0.5858822766
97 18 976 -0.834 0.0 0.0 0.0
98 18 977 0.417 0.756950327 0.0 0.5858822766
99 18 977 0.417 -0.756950327 0.0 0.5858822766
100 19 976 -0.834 0.0 0.0 0.0
101 19 977 0.417 0.756950327 0.0 0.5858822766
102 19 977 0.417 -0.756950327 0.0 0.5858822766
103 20 976 -0.834 0.0 0.0 0.0
104 20 977 0.417 0.756950327 0.0 0.5858822766
105 20 977 0.417 -0.756950327 0.0 0.5858822766
106 21 976 -0.834 0.0 0.0 0.0
107 21 977 0.417 0.756950327 0.0 0.5858822766
108 21 977 0.417 -0.756950327 0.0 0.5858822766
109 22 976 -0.834 0.0 0.0 0.0
110 22 977 0.417 0.756950327 0.0 0.5858822766
111 22 977 0.417 -0.756950327 0.0 0.5858822766
112 23 976 -0.834 0.0 0.0 0.0
113 23 977 0.417 0.756950327 0.0 0.5858822766
114 23 977 0.417 -0.756950327 0.0 0.5858822766
115 24 976 -0.834 0.0 0.0 0.0
116 24 977 0.417 0.756950327 0.0 0.5858822766
117 24 977 0.417 -0.756950327 0.0 0.5858822766
118 25 976 -0.834 0.0 0.0 0.0
119 25 977 0.417 0.756950327 0.0 0.5858822766
120 25 977 0.417 -0.756950327 0.0 0.5858822766
121 26 976 -0.834 0.0 0.0 0.0
122 26 977 0.417 0.756950327 0.0 0.5858822766
123 26 977 0.417 -0.756950327 0.0 0.5858822766
124 27 976 -0.834 0.0 0.0 0.0
125 27 977 0.417 0.756950327 0.0 0.5858822766
126 27 977 0.417 -0.756950327 0.0 0.5858822766
127 28 976 -0.834 0.0 0.0 0.0
128 28 977 0.417 0.756950327 0.0 0.5858822766
129 28 977 0.417 -0.756950327 0.0 0.5858822766
130 29 976 -0.834 0.0 0.0 0.0
131 29 977 0.417 0.756950327 0.0 0.5858822766
132 29 977 0.417 -0.756950327 0.0 0.5858822766
133 30 976 -0.834 0.0 0.0 0.0
134 30 977 0.417 0.756950327 0.0 0.5858822766
135 30 977 0.417 -0.756950327 0.0 0.5858822766
136 31 976 -0.834 0.0 0.0 0.0
137 31 977 0.417 0.756950327 0.0 0.5858822766
138 31 977 0.417 -0.756950327 0.0 0.5858822766
139 32 976 -0.834 0.0 0.0 0.0
140 32 977 0.417 0.756950327 0.0 0.5858822766
141 32 977 0.417 -0.756950327 0.0 0.5858822766
142 33 976 -0.834 0.0 0.0 0.0
143 33 977 0.417 0.756950327 0.0 0.5858822766
144 33 977 0.417 -0.756950327 0.0 0.5858822766
145 34 976 -0.834 0.0 0.0 0.0
146 34 977 0.417 0.756950327 0.0 0.5858822766
147 34 977 0.417 -0.756950327 0.0 0.5858822766
148 35 976 -0.834 0.0 0.0 0.0
149 35 977 0.417 0.756950327 0.0 0.5858822766
150 35 977 0.417 -0.756950327 0.0 0.5858822766
151 36 976 -0.834 0.0 0.0 0.0
152 36 977 0.417 0.756950327 0.0 0.5858822766
153 36 977 0.417 -0.756950327 0.0 0.5858822766
154 37 976 -0.834 0.0 0.0 0.0
155 37 977 0.417 0.756950327 0.0 0.5858822766
156 37 977 0.417 -0.756950327 0.0 0.5858822766
157 38 976 -0.834 0.0 0.0 0.0
158 38 977 0.417 0.756950327 0.0 0.5858822766
159 38 977 0.417 -0.756950327 0.0 0.5858822766
160 39 976 -0.834 0.0 0.0 0.0
161 39 977 0.417 0.756950327 0.0 0.5858822766
162 39 977 0.417 -0.756950327 0.0 0.5858822766
163 40 976 -0.834 0.0 0.0 0.0
164 40 977 0.417 0.756950327 0.0 0.5858822766
165 40 977 0.417 -0.756950327 0.0 0.5858822766
166 41 976 -0.834 0.0 0.0 0.0
167 41 977 0.417 0.756950327 0.0 0.5858822766
168 41 977 0.417 -0.756950327 0.0 0.5858822766
169 42 976 -0.834 0.0 0.0 0.0
170 42 977 0.417 0.756950327 0.0 0.5858822766
171 42 977 0.417 -0.756950327 0.0 0.5858822766
172 43 976 -0.834 0.0 0.0 0.0
173 43 977 0.417 0.756950327 0.0 0.5858822766
174 43 977 0.417 -0.756950327 0.0 0.5858822766
175 44 976 -0.834 0.0 0.0 0.0
176 44 977 0.417 0.756950327 0.0 0.5858822766
177 44 977 0.417 -0.756950327 0.0 0.5858822766
178 45 976 -0.834 0.0 0.0 0.0
179 45 977 0.417 0.756950327 0.0 0.5858822766
180 45 977 0.417 -0.756950327 0.0 0.5858822766
181 46 976 -0.834 0.0 0.0 0.0
182 46 977 0.417 0.756950327 0.0 0.5858822766
183 46 977 0.417 -0.756950327 0.0 0.5858822766
184 47 976 -0.834 0.0 0.0 0.0
185 47 977 0.417 0.756950327 0.0 0.5858822766
186 47 977 0.417 -0.756950327 0.0 0.5858822766
187 48 976 -0.834 0.0 0.0 0.0
188 48 977 0.417 0.756950327 0.0 0.5858822766
189 48 977 0.417 -0.756950327 0.0 0.5858822766
190 49 976 -0.834 0.0 0.0 0.0
191 49 977 0.417 0.756950327 0.0 0.5858822766
192 49 977 0.417 -0.756950327 0.0 0.5858822766
193 50 976 -0.834 0.0 0.0 0.0
194 50 977 0.417 0.756950327 0.0 0.5858822766
195 50 977 0.417 -0.756950327 0.0 0.5858822766
196 51 976 -0.834 0.0 0.0 0.0
197 51 977 0.417 0.756950327 0.0 0.5858822766
198 51 977 0.417 -0.756950327 0.0 0.5858822766
199 52 976 -0.834 0.0 0.0 0.0
200 52 977 0.417 0.756950327 0.0 0.5858822766
201 52 977 0.417 -0.756950327 0.0 0.5858822766
202 53 976 -0.834 0.0 0.0 0.0
203 53 977 0.417 0.756950327 0.0 0.5858822766
204 53 977 0.417 -0.756950327 0.0 0.5858822766
205 54 976 -0.834 0.0 0.0 0.0
206 54 977 0.417 0.756950327 0.0 0.5858822766
207 54 977 0.417 -0.756950327 0.0 0.5858822766
208 55 976 -0.834 0.0 0.0 0.0
209 55 977 0.417 0.756950327 0.0 0.5858822766
210 55 977 0.417 -0.756950327 0.0 0.5858822766
211 56 976 -0.834 0.0 0.0 0.0
212 56 977 0.417 0.756950327 0.0 0.5858822766
213 56 977 0.417 -0.756950327 0.0 0.5858822766
214 57 976 -0.834 0.0 0.0 0.0
215 57 977 0.417 0.756950327 0.0 0.5858822766
216 57 977 0.417 -0.756950327 0.0 0.5858822766
217 58 976 -0.834 0.0 0.0 0.0
218 58 977 0.417 0.756950327 0.0 0.5858822766
219 58 977 0.417 -0.756950327 0.0 0.5858822766
220 59 976 -0.834 0.0 0.0 0.0
221 59 977 0.417 0.756950327 0.0 0.5858822766
222 59 977 0.417 -0.756950327 0.0 0.5858822766
223 60 976 -0.834 0.0 0.0 0.0
224 60 977 0.417 0.756950327 0.0 0.5858822766
225 60 977 0.417 -0.756950327 0.0 0.5858822766
226 61 976 -0.834 0.0 0.0 0.0
227 61 977 0.417 0.756950327 0.0 0.5858822766
228 61 977 0.417 -0.756950327 0.0 0.5858822766
229 62 976 -0.834 0.0 0.0 0.0
230 62 977 0.417 0.756950327 0.0 0.5858822766
231 62 977 0.417 -0.756950327 0.0 0.5858822766
232 63 976 -0.834 0.0 0.0 0.0
233 63 977 0.417 0.756950327 0.0 0.5858822766
234 63 977 0.417 -0.756950327 0.0 0.5858822766
235 64 976 -0.834 0.0 0.0 0.0
236 64 977 0.417 0.756950327 0.0 0.5858822766
237 64 977 0.417 -0.756950327 0.0 0.5858822766
238 65 976 -0.834 0.0 0.0 0.0
239 65 977 0.417 0.756950327 0.0 0.5858822766
240 65 977 0.417 -0.756950327 0.0 0.5858822766
241 66 976 -0.834 0.0 0.0 0.0
242 66 977 0.417 0.756950327 0.0 0.5858822766
243 66 977 0.417 -0.756950327 0.0 0.5858822766
244 67 976 -0.834 0.0 0.0 0.0
245 67 977 0.417 0.756950327 0.0 0.5858822766
246 67 977 0.417 -0.756950327 0.0 0.5858822766
247 68 976 -0.834 0.0 0.0 0.0
248 68 977 0.417 0.756950327 0.0 0.5858822766
249 68 977 0.417 -0.756950327 0.0 0.5858822766
250 69 976 -0.834 0.0 0.0 0.0
251 69 977 0.417 0.756950327 0.0 0.5858822766
252 69 977 0.417 -0.756950327 0.0 0.5858822766
253 70 976 -0.834 0.0 0.0 0.0
254 70 977 0.417 0.756950327 0.0 0.5858822766
255 70 977 0.417 -0.756950327 0.0 0.5858822766
256 71 976 -0.834 0.0 0.0 0.0
257 71 977 0.417 0.756950327 0.0 0.5858822766
258 71 977 0.417 -0.756950327 0.0 0.5858822766
259 72 976 -0.834 0.0 0.0 0.0
260 72 977 0.417 0.756950327 0.0 0.5858822766
261 72 977 0.417 -0.756950327 0.0 0.5858822766
262 73 976 -0.834 0.0 0.0 0.0
263 73 977 0.417 0.756950327 0.0 0.5858822766
264 73 977 0.417 -0.756950327 0.0 0.5858822766
265 74 976 -0.834 0.0 0.0 0.0
266 74 977 0.417 0.756950327 0.0 0.5858822766
267 74 977 0.417 -0.756950327 0.0 0.5858822766
268 75 976 -0.834 0.0 0.0 0.0
269 75 977 0.417 0.756950327 0.0 0.5858822766
270 75 977 0.417 -0.756950327 0.0 0.5858822766
271 76 976 -0.834 0.0 0.0 0.0
272 76 977 0.417 0.756950327 0.0 0.5858822766
273 76 977 0.417 -0.756950327 0.0 0.5858822766
274 77 976 -0.834 0.0 0.0 0.0
275 77 977 0.417 0.756950327 0.0 0.5858822766
276 77 977 0.417 -0.756950327 0.0 0.5858822766
277 78 976 -0.834 0.0 0.0 0.0
278 78 977 0.417 0.756950327 0.0 0.5858822766
279 78 977 0.417 -0.756950327 0.0 0.5858822766
280 79 976 -0.834 0.0 0.0 0.0
281 79 977 0.417 0.756950327 0.0 0.5858822766
282 79 977 0.417 -0.756950327 0.0 0.5858822766
283 80 976 -0.834 0.0 0.0 0.0
284 80 977 0.417 0.756950327 0.0 0.5858822766
285 80 977 0.417 -0.756950327 0.0 0.5858822766
286 81 976 -0.834 0.0 0.0 0.0
287 81 977 0.417 0.756950327 0.0 0.5858822766
288 81 977 0.417 -0.756950327 0.0 0.5858822766
289 82 976 -0.834 0.0 0.0 0.0
290 82 977 0.417 0.756950327 0.0 0.5858822766
291 82 977 0.417 -0.756950327 0.0 0.5858822766
292 83 976 -0.834 0.0 0.0 0.0
293 83 977 0.417 0.756950327 0.0 0.5858822766
294 83 977 0.417 -0.756950327 0.0 0.5858822766
295 84 976 -0.834 0.0 0.0 0.0
296 84 977 0.417 0.756950327 0.0 0.5858822766
297 84 977 0.417 -0.756950327 0.0 0.5858822766
298 85 976 -0.834 0.0 0.0 0.0
299 85 977 0.417 0.756950327 0.0 0.5858822766
300 85 977 0.417 -0.756950327 0.0 0.5858822766
301 86 976 -0.834 0.0 0.0 0.0
302 86 977 0.417 0.756950327 0.0 0.5858822766
303 86 977 0.417 -0.756950327 0.0 0.5858822766
304 87 976 -0.834 0.0 0.0 0.0
305 87 977 0.417 0.756950327 0.0 0.5858822766
306 87 977 0.417 -0.756950327 0.0 0.5858822766
307 88 976 -0.834 0.0 0.0 0.0
308 88 977 0.417 0.756950327 0.0 0.5858822766
309 88 977 0.417 -0.756950327 0.0 0.5858822766
310 89 976 -0.834 0.0 0.0 0.0
311 89 977 0.417 0.756950327 0.0 0.5858822766
312 89 977 0.417 -0.756950327 0.0 0.5858822766
313 90 976 -0.834 0.0 0.0 0.0
314 90 977 0.417 0.756950327 0.0 0.5858822766
315 90 977 0.417 -0.756950327 0.0 0.5858822766
316 91 976 -0.834 0.0 0.0 0.0
317 91 977 0.417 0.756950327 0.0 0.5858822766
318 91 977 0.417 -0.756950327 0.0 0.5858822766
319 92 976 -0.834 0.0 0.0 0.0
320 92 977 0.417 0.756950327 0.0 0.5858822766
321 92 977 0.417 -0.756950327 0.0 0.5858822766
322 93 976 -0.834 0.0 0.0 0.0
323 93 977 0.417 0.756950327 0.0 0.5858822766
324 93 977 0.417 -0.756950327 0.0 0.5858822766
325 94 976 -0.834 0.0 0.0 0.0
326 94 977 0.417 0.756950327 0.0 0.5858822766
327 94 977 0.417 -0.756950327 0.0 0.5858822766
328 95 976 -0.834 0.0 0.0 0.0
329 95 977 0.417 0.756950327 0.0 0.5858822766
330 95 977 0.417 -0.756950327 0.0 0.5858822766
331 96 976 -0.834 0.0 0.0 0.0
332 96 977 0.417 0.756950327 0.0 0.5858822766
333 96 977 0.417 -0.756950327 0.0 0.5858822766
334 97 976 -0.834 0.0 0.0 0.0
335 97 977 0.417 0.756950327 0.0 0.5858822766
336 97 977 0.417 -0.756950327 0.0 0.5858822766
337 98 976 -0.834 0.0 0.0 0.0
338 98 977 0.417 0.756950327 0.0 0.5858822766
339 98 977 0.417 -0.756950327 0.0 0.5858822766
340 99 976 -0.834 0.0 0.0 0.0
341 99 977 0.417 0.756950327 0.0 0.5858822766
342 99 977 0.417 -0.756950327 0.0 0.5858822766
343 100 976 -0.834 0.0 0.0 0.0
344 100 977 0.417 0.756950327 0.0 0.5858822766
345 100 977 0.417 -0.756950327 0.0 0.5858822766
346 101 976 -0.834 0.0 0.0 0.0
347 101 977 0.417 0.756950327 0.0 0.5858822766
348 101 977 0.417 -0.756950327 0.0 0.5858822766
349 102 976 -0.834 0.0 0.0 0.0
350 102 977 0.417 0.756950327 0.0 0.5858822766
351 102 977 0.417 -0.756950327 0.0 0.5858822766
352 103 995 1.384505 0.0 0.0 0.0
353 103 996 -0.846126 1.288 -0.607 -0.348
354 103 997 -0.846126 0.103 0.647 1.309
355 103 998 -0.846126 -0.358 1.0 -1.013
356 103 999 -0.846127 -1.031 -1.038 0.047
357 104 995 1.384505 0.0 0.0 0.0
358 104 996 -0.846126 1.288 -0.607 -0.348
359 104 997 -0.846126 0.103 0.647 1.309
360 104 998 -0.846126 -0.358 1.0 -1.013
361 104 999 -0.846127 -1.031 -1.038 0.047
362 105 995 1.384505 0.0 0.0 0.0
363 105 996 -0.846126 1.288 -0.607 -0.348
364 105 997 -0.846126 0.103 0.647 1.309
365 105 998 -0.846126 -0.358 1.0 -1.013
366 105 999 -0.846127 -1.031 -1.038 0.047
367 106 995 1.384505 0.0 0.0 0.0
368 106 996 -0.846126 1.288 -0.607 -0.348
369 106 997 -0.846126 0.103 0.647 1.309
370 106 998 -0.846126 -0.358 1.0 -1.013
371 106 999 -0.846127 -1.031 -1.038 0.047
