1 1 2 8 1 5
2 2 2 8 1 6
3 3 2 8 1 7
4 4 3 8 1 5
5 5 3 8 1 6
6 6 3 8 1 7
7 7 4 8 1 5
8 8 4 8 1 6
9 9 4 8 1 7
10 1 10 16 9 13
11 2 10 16 9 14
12 3 10 16 9 15
13 4 11 16 9 13
14 5 11 16 9 14
15 6 11 16 9 15
16 7 12 16 9 13
17 8 12 16 9 14
18 9 12 16 9 15
19 1 18 24 17 21
20 2 18 24 17 22
21 3 18 24 17 23
22 4 19 24 17 21
23 5 19 24 17 22
24 6 19 24 17 23
25 7 20 24 17 21
26 8 20 24 17 22
27 9 20 24 17 23
28 1 26 32 25 29
29 2 26 32 25 30
30 3 26 32 25 31
31 4 27 32 25 29
32 5 27 32 25 30
33 6 27 32 25 31
34 7 28 32 25 29
35 8 28 32 25 30
36 9 28 32 25 31
37 1 34 40 33 37
38 2 34 40 33 38
39 3 34 40 33 39
40 4 35 40 33 37
41 5 35 40 33 38
42 6 35 40 33 39
43 7 36 40 33 37
44 8 36 40 33 38
45 9 36 40 33 39
46 1 42 48 41 45
47 2 42 48 41 46
48 3 42 48 41 47
49 4 43 48 41 45
50 5 43 48 41 46
51 6 43 48 41 47
52 7 44 48 41 45
53 8 44 48 41 46
54 9 44 48 41 47
55 1 50 56 49 53
56 2 50 56 49 54
57 3 50 56 49 55
58 4 51 56 49 53
59 5 51 56 49 54
60 6 51 56 49 55
61 7 52 56 49 53
62 8 52 56 49 54
63 9 52 56 49 55
64 1 58 64 57 61
65 2 58 64 57 62
66 3 58 64 57 63
67 4 59 64 57 61
68 5 59 64 57 62
69 6 59 64 57 63
70 7 60 64 57 61
71 8 60 64 57 62
72 9 60 64 57 63
73 1 66 72 65 69
74 2 66 72 65 70
75 3 66 72 65 71
76 4 67 72 65 69
77 5 67 72 65 70
78 6 67 72 65 71
79 7 68 72 65 69
80 8 68 72 65 70
81 9 68 72 65 71
82 1 74 80 73 77
83 2 74 80 73 78
84 3 74 80 73 79
85 4 75 80 73 77
86 5 75 80 73 78
87 6 75 80 73 79
88 7 76 80 73 77
89 8 76 80 73 78
90 9 76 80 73 79
91 1 82 88 81 85
92 2 82 88 81 86
93 3 82 88 81 87
94 4 83 88 81 85
95 5 83 88 81 86
96 6 83 88 81 87
97 7 84 88 81 85
98 8 84 88 81 86
99 9 84 88 81 87
100 1 90 96 89 93
101 2 90 96 89 94
102 3 90 96 89 95
103 4 91 96 89 93
104 5 91 96 89 94
105 6 91 96 89 95
106 7 92 96 89 93
107 8 92 96 89 94
108 9 92 96 89 95
109 1 98 104 97 101
110 2 98 104 97 102
111 3 98 104 97 103
112 4 99 104 97 101
113 5 99 104 97 102
114 6 99 104 97 103
115 7 100 104 97 101
116 8 100 104 97 102
117 9 100 104 97 103
118 1 106 112 105 109
119 2 106 112 105 110
120 3 106 112 105 111
121 4 107 112 105 109
122 5 107 112 105 110
123 6 107 112 105 111
124 7 108 112 105 109
125 8 108 112 105 110
126 9 108 112 105 111
127 1 114 120 113 117
128 2 114 120 113 118
129 3 114 120 113 119
130 4 115 120 113 117
131 5 115 120 113 118
132 6 115 120 113 119
133 7 116 120 113 117
134 8 116 120 113 118
135 9 116 120 113 119
136 1 122 128 121 125
137 2 122 128 121 126
138 3 122 128 121 127
139 4 123 128 121 125
140 5 123 128 121 126
141 6 123 128 121 127
142 7 124 128 121 125
143 8 124 128 121 126
144 9 124 128 121 127
145 1 130 136 129 133
146 2 130 136 129 134
147 3 130 136 129 135
148 4 131 136 129 133
149 5 131 136 129 134
150 6 131 136 129 135
151 7 132 136 129 133
152 8 132 136 129 134
153 9 132 136 129 135
154 1 138 144 137 141
155 2 138 144 137 142
156 3 138 144 137 143
157 4 139 144 137 141
158 5 139 144 137 142
159 6 139 144 137 143
160 7 140 144 137 141
161 8 140 144 137 142
162 9 140 144 137 143
163 1 146 152 145 149
164 2 146 152 145 150
165 3 146 152 145 151
166 4 147 152 145 149
167 5 147 152 145 150
168 6 147 152 145 151
169 7 148 152 145 149
170 8 148 152 145 150
171 9 148 152 145 151
172 1 154 160 153 157
173 2 154 160 153 158
174 3 154 160 153 159
175 4 155 160 153 157
176 5 155 160 153 158
177 6 155 160 153 159
178 7 156 160 153 157
179 8 156 160 153 158
180 9 156 160 153 159
181 1 162 168 161 165
182 2 162 168 161 166
183 3 162 168 161 167
184 4 163 168 161 165
185 5 163 168 161 166
186 6 163 168 161 167
187 7 164 168 161 165
188 8 164 168 161 166
189 9 164 168 161 167
190 1 170 176 169 173
191 2 170 176 169 174
192 3 170 176 169 175
193 4 171 176 169 173
194 5 171 176 169 174
195 6 171 176 169 175
196 7 172 176 169 173
197 8 172 176 169 174
198 9 172 176 169 175
199 1 178 184 177 181
200 2 178 184 177 182
201 3 178 184 177 183
202 4 179 184 177 181
203 5 179 184 177 182
204 6 179 184 177 183
205 7 180 184 177 181
206 8 180 184 177 182
207 9 180 184 177 183
208 1 186 192 185 189
209 2 186 192 185 190
210 3 186 192 185 191
211 4 187 192 185 189
212 5 187 192 185 190
213 6 187 192 185 191
214 7 188 192 185 189
215 8 188 192 185 190
216 9 188 192 185 191
217 1 194 200 193 197
218 2 194 200 193 198
219 3 194 200 193 199
220 4 195 200 193 197
221 5 195 200 193 198
222 6 195 200 193 199
223 7 196 200 193 197
224 8 196 200 193 198
225 9 196 200 193 199
226 1 202 208 201 205
227 2 202 208 201 206
228 3 202 208 201 207
229 4 203 208 201 205
230 5 203 208 201 206
231 6 203 208 201 207
232 7 204 208 201 205
233 8 204 208 201 206
234 9 204 208 201 207
235 1 210 216 209 213
236 2 210 216 209 214
237 3 210 216 209 215
238 4 211 216 209 213
239 5 211 216 209 214
240 6 211 216 209 215
241 7 212 216 209 213
242 8 212 216 209 214
243 9 212 216 209 215
244 1 218 224 217 221
245 2 218 224 217 222
246 3 218 224 217 223
247 4 219 224 217 221
248 5 219 224 217 222
249 6 219 224 217 223
250 7 220 224 217 221
251 8 220 224 217 222
252 9 220 224 217 223
253 1 226 232 225 229
254 2 226 232 225 230
255 3 226 232 225 231
256 4 227 232 225 229
257 5 227 232 225 230
258 6 227 232 225 231
259 7 228 232 225 229
260 8 228 232 225 230
261 9 228 232 225 231
262 1 234 240 233 237
263 2 234 240 233 238
264 3 234 240 233 239
265 4 235 240 233 237
266 5 235 240 233 238
267 6 235 240 233 239
268 7 236 240 233 237
269 8 236 240 233 238
270 9 236 240 233 239
271 1 242 248 241 245
272 2 242 248 241 246
273 3 242 248 241 247
274 4 243 248 241 245
275 5 243 248 241 246
276 6 243 248 241 247
277 7 244 248 241 245
278 8 244 248 241 246
279 9 244 248 241 247
280 1 250 256 249 253
281 2 250 256 249 254
282 3 250 256 249 255
283 4 251 256 249 253
284 5 251 256 249 254
285 6 251 256 249 255
286 7 252 256 249 253
287 8 252 256 249 254
288 9 252 256 249 255
289 1 258 264 257 261
290 2 258 264 257 262
291 3 258 264 257 263
292 4 259 264 257 261
293 5 259 264 257 262
294 6 259 264 257 263
295 7 260 264 257 261
296 8 260 264 257 262
297 9 260 264 257 263
298 1 266 272 265 269
299 2 266 272 265 270
300 3 266 272 265 271
301 4 267 272 265 269
302 5 267 272 265 270
303 6 267 272 265 271
304 7 268 272 265 269
305 8 268 272 265 270
306 9 268 272 265 271
307 1 274 280 273 277
308 2 274 280 273 278
309 3 274 280 273 279
310 4 275 280 273 277
311 5 275 280 273 278
312 6 275 280 273 279
313 7 276 280 273 277
314 8 276 280 273 278
315 9 276 280 273 279
316 1 282 288 281 285
317 2 282 288 281 286
318 3 282 288 281 287
319 4 283 288 281 285
320 5 283 288 281 286
321 6 283 288 281 287
322 7 284 288 281 285
323 8 284 288 281 286
324 9 284 288 281 287
325 1 290 296 289 293
326 2 290 296 289 294
327 3 290 296 289 295
328 4 291 296 289 293
329 5 291 296 289 294
330 6 291 296 289 295
331 7 292 296 289 293
332 8 292 296 289 294
333 9 292 296 289 295
334 1 298 304 297 301
335 2 298 304 297 302
336 3 298 304 297 303
337 4 299 304 297 301
338 5 299 304 297 302
339 6 299 304 297 303
340 7 300 304 297 301
341 8 300 304 297 302
342 9 300 304 297 303
343 1 306 312 305 309
344 2 306 312 305 310
345 3 306 312 305 311
346 4 307 312 305 309
347 5 307 312 305 310
348 6 307 312 305 311
349 7 308 312 305 309
350 8 308 312 305 310
351 9 308 312 305 311
352 1 314 320 313 317
353 2 314 320 313 318
354 3 314 320 313 319
355 4 315 320 313 317
356 5 315 320 313 318
357 6 315 320 313 319
358 7 316 320 313 317
359 8 316 320 313 318
360 9 316 320 313 319
361 1 322 328 321 325
362 2 322 328 321 326
363 3 322 328 321 327
364 4 323 328 321 325
365 5 323 328 321 326
366 6 323 328 321 327
367 7 324 328 321 325
368 8 324 328 321 326
369 9 324 328 321 327
370 1 330 336 329 333
371 2 330 336 329 334
372 3 330 336 329 335
373 4 331 336 329 333
374 5 331 336 329 334
375 6 331 336 329 335
376 7 332 336 329 333
377 8 332 336 329 334
378 9 332 336 329 335
379 1 338 344 337 341
380 2 338 344 337 342
381 3 338 344 337 343
382 4 339 344 337 341
383 5 339 344 337 342
384 6 339 344 337 343
385 7 340 344 337 341
386 8 340 344 337 342
387 9 340 344 337 343
388 1 346 352 345 349
389 2 346 352 345 350
390 3 346 352 345 351
391 4 347 352 345 349
392 5 347 352 345 350
393 6 347 352 345 351
394 7 348 352 345 349
395 8 348 352 345 350
396 9 348 352 345 351
397 1 354 360 353 357
398 2 354 360 353 358
399 3 354 360 353 359
400 4 355 360 353 357
401 5 355 360 353 358
402 6 355 360 353 359
403 7 356 360 353 357
404 8 356 360 353 358
405 9 356 360 353 359
406 1 362 368 361 365
407 2 362 368 361 366
408 3 362 368 361 367
409 4 363 368 361 365
410 5 363 368 361 366
411 6 363 368 361 367
412 7 364 368 361 365
413 8 364 368 361 366
414 9 364 368 361 367
415 1 370 376 369 373
416 2 370 376 369 374
417 3 370 376 369 375
418 4 371 376 369 373
419 5 371 376 369 374
420 6 371 376 369 375
421 7 372 376 369 373
422 8 372 376 369 374
423 9 372 376 369 375
424 1 378 384 377 381
425 2 378 384 377 382
426 3 378 384 377 383
427 4 379 384 377 381
428 5 379 384 377 382
429 6 379 384 377 383
430 7 380 384 377 381
431 8 380 384 377 382
432 9 380 384 377 383
433 1 386 392 385 389
434 2 386 392 385 390
435 3 386 392 385 391
436 4 387 392 385 389
437 5 387 392 385 390
438 6 387 392 385 391
439 7 388 392 385 389
440 8 388 392 385 390
441 9 388 392 385 391
442 1 394 400 393 397
443 2 394 400 393 398
444 3 394 400 393 399
445 4 395 400 393 397
446 5 395 400 393 398
447 6 395 400 393 399
448 7 396 400 393 397
449 8 396 400 393 398
450 9 396 400 393 399
451 1 402 408 401 405
452 2 402 408 401 406
453 3 402 408 401 407
454 4 403 408 401 405
455 5 403 408 401 406
456 6 403 408 401 407
457 7 404 408 401 405
458 8 404 408 401 406
459 9 404 408 401 407
460 1 410 416 409 413
461 2 410 416 409 414
462 3 410 416 409 415
463 4 411 416 409 413
464 5 411 416 409 414
465 6 411 416 409 415
466 7 412 416 409 413
467 8 412 416 409 414
468 9 412 416 409 415
469 1 418 424 417 421
470 2 418 424 417 422
471 3 418 424 417 423
472 4 419 424 417 421
473 5 419 424 417 422
474 6 419 424 417 423
475 7 420 424 417 421
476 8 420 424 417 422
477 9 420 424 417 423
478 1 426 432 425 429
479 2 426 432 425 430
480 3 426 432 425 431
481 4 427 432 425 429
482 5 427 432 425 430
483 6 427 432 425 431
484 7 428 432 425 429
485 8 428 432 425 430
486 9 428 432 425 431
487 1 434 440 433 437
488 2 434 440 433 438
489 3 434 440 433 439
490 4 435 440 433 437
491 5 435 440 433 438
492 6 435 440 433 439
493 7 436 440 433 437
494 8 436 440 433 438
495 9 436 440 433 439
496 1 442 448 441 445
497 2 442 448 441 446
498 3 442 448 441 447
499 4 443 448 441 445
500 5 443 448 441 446
501 6 443 448 441 447
502 7 444 448 441 445
503 8 444 448 441 446
504 9 444 448 441 447
505 1 450 456 449 453
506 2 450 456 449 454
507 3 450 456 449 455
508 4 451 456 449 453
509 5 451 456 449 454
510 6 451 456 449 455
511 7 452 456 449 453
512 8 452 456 449 454
513 9 452 456 449 455
514 10 1536 1541 1540 1539
515 11 1536 1541 1540 1542
516 12 1536 1541 1540 1543
517 13 1541 1540 1539 1544
518 14 1537 1541 1540 1539
519 15 1537 1541 1540 1542
520 16 1537 1541 1540 1543
521 17 1538 1541 1540 1539
522 18 1538 1541 1540 1542
523 19 1538 1541 1540 1543
524 20 1542 1540 1539 1544
525 21 1543 1540 1539 1544
526 10 1545 1550 1549 1548
527 11 1545 1550 1549 1551
528 12 1545 1550 1549 1552
529 13 1550 1549 1548 1553
530 14 1546 1550 1549 1548
531 15 1546 1550 1549 1551
532 16 1546 1550 1549 1552
533 17 1547 1550 1549 1548
534 18 1547 1550 1549 1551
535 19 1547 1550 1549 1552
536 20 1551 1549 1548 1553
537 21 1552 1549 1548 1553
538 10 1554 1559 1558 1557
539 11 1554 1559 1558 1560
540 12 1554 1559 1558 1561
541 13 1559 1558 1557 1562
542 14 1555 1559 1558 1557
543 15 1555 1559 1558 1560
544 16 1555 1559 1558 1561
545 17 1556 1559 1558 1557
546 18 1556 1559 1558 1560
547 19 1556 1559 1558 1561
548 20 1560 1558 1557 1562
549 21 1561 1558 1557 1562
550 10 1563 1568 1567 1566
551 11 1563 1568 1567 1569
552 12 1563 1568 1567 1570
553 13 1568 1567 1566 1571
554 14 1564 1568 1567 1566
555 15 1564 1568 1567 1569
556 16 1564 1568 1567 1570
557 17 1565 1568 1567 1566
558 18 1565 1568 1567 1569
559 19 1565 1568 1567 1570
560 20 1569 1567 1566 1571
561 21 1570 1567 1566 1571
562 10 1572 1577 1576 1575
563 11 1572 1577 1576 1578
564 12 1572 1577 1576 1579
565 13 1577 1576 1575 1580
566 14 1573 1577 1576 1575
567 15 1573 1577 1576 1578
568 16 1573 1577 1576 1579
569 17 1574 1577 1576 1575
570 18 1574 1577 1576 1578
571 19 1574 1577 1576 1579
572 20 1578 1576 1575 1580
573 21 1579 1576 1575 1580
574 10 1581 1586 1585 1584
575 11 1581 1586 1585 1587
576 12 1581 1586 1585 1588
577 13 1586 1585 1584 1589
578 14 1582 1586 1585 1584
579 15 1582 1586 1585 1587
580 16 1582 1586 1585 1588
581 17 1583 1586 1585 1584
582 18 1583 1586 1585 1587
583 19 1583 1586 1585 1588
584 20 1587 1585 1584 1589
585 21 1588 1585 1584 1589
586 10 1590 1595 1594 1593
587 11 1590 1595 1594 1596
588 12 1590 1595 1594 1597
589 13 1595 1594 1593 1598
590 14 1591 1595 1594 1593
591 15 1591 1595 1594 1596
592 16 1591 1595 1594 1597
593 17 1592 1595 1594 1593
594 18 1592 1595 1594 1596
595 19 1592 1595 1594 1597
596 20 1596 1594 1593 1598
597 21 1597 1594 1593 1598
598 10 1599 1604 1603 1602
599 11 1599 1604 1603 1605
600 12 1599 1604 1603 1606
601 13 1604 1603 1602 1607
602 14 1600 1604 1603 1602
603 15 1600 1604 1603 1605
604 16 1600 1604 1603 1606
605 17 1601 1604 1603 1602
606 18 1601 1604 1603 1605
607 19 1601 1604 1603 1606
608 20 1605 1603 1602 1607
609 21 1606 1603 1602 1607
610 10 1608 1613 1612 1611
611 11 1608 1613 1612 1614
612 12 1608 1613 1612 1615
613 13 1613 1612 1611 1616
614 14 1609 1613 1612 1611
615 15 1609 1613 1612 1614
616 16 1609 1613 1612 1615
617 17 1610 1613 1612 1611
618 18 1610 1613 1612 1614
619 19 1610 1613 1612 1615
620 20 1614 1612 1611 1616
621 21 1615 1612 1611 1616
622 10 1617 1622 1621 1620
623 11 1617 1622 1621 1623
624 12 1617 1622 1621 1624
625 13 1622 1621 1620 1625
626 14 1618 1622 1621 1620
627 15 1618 1622 1621 1623
628 16 1618 1622 1621 1624
629 17 1619 1622 1621 1620
630 18 1619 1622 1621 1623
631 19 1619 1622 1621 1624
632 20 1623 1621 1620 1625
633 21 1624 1621 1620 1625
634 10 1626 1631 1630 1629
635 11 1626 1631 1630 1632
636 12 1626 1631 1630 1633
637 13 1631 1630 1629 1634
638 14 1627 1631 1630 1629
639 15 1627 1631 1630 1632
640 16 1627 1631 1630 1633
641 17 1628 1631 1630 1629
642 18 1628 1631 1630 1632
643 19 1628 1631 1630 1633
644 20 1632 1630 1629 1634
645 21 1633 1630 1629 1634
646 10 1635 1640 1639 1638
647 11 1635 1640 1639 1641
648 12 1635 1640 1639 1642
649 13 1640 1639 1638 1643
650 14 1636 1640 1639 1638
651 15 1636 1640 1639 1641
652 16 1636 1640 1639 1642
653 17 1637 1640 1639 1638
654 18 1637 1640 1639 1641
655 19 1637 1640 1639 1642
656 20 1641 1639 1638 1643
657 21 1642 1639 1638 1643
658 10 1644 1649 1648 1647
659 11 1644 1649 1648 1650
660 12 1644 1649 1648 1651
661 13 1649 1648 1647 1652
662 14 1645 1649 1648 1647
663 15 1645 1649 1648 1650
664 16 1645 1649 1648 1651
665 17 1646 1649 1648 1647
666 18 1646 1649 1648 1650
667 19 1646 1649 1648 1651
668 20 1650 1648 1647 1652
669 21 1651 1648 1647 1652
670 10 1653 1658 1657 1656
671 11 1653 1658 1657 1659
672 12 1653 1658 1657 1660
673 13 1658 1657 1656 1661
674 14 1654 1658 1657 1656
675 15 1654 1658 1657 1659
676 16 1654 1658 1657 1660
677 17 1655 1658 1657 1656
678 18 1655 1658 1657 1659
679 19 1655 1658 1657 1660
680 20 1659 1657 1656 1661
681 21 1660 1657 1656 1661
682 10 1662 1667 1666 1665
683 11 1662 1667 1666 1668
684 12 1662 1667 1666 1669
685 13 1667 1666 1665 1670
686 14 1663 1667 1666 1665
687 15 1663 1667 1666 1668
688 16 1663 1667 1666 1669
689 17 1664 1667 1666 1665
690 18 1664 1667 1666 1668
691 19 1664 1667 1666 1669
692 20 1668 1666 1665 1670
693 21 1669 1666 1665 1670
694 10 1671 1676 1675 1674
695 11 1671 1676 1675 1677
696 12 1671 1676 1675 1678
697 13 1676 1675 1674 1679
698 14 1672 1676 1675 1674
699 15 1672 1676 1675 1677
700 16 1672 1676 1675 1678
701 17 1673 1676 1675 1674
702 18 1673 1676 1675 1677
703 19 1673 1676 1675 1678
704 20 1677 1675 1674 1679
705 21 1678 1675 1674 1679
706 10 1680 1685 1684 1683
707 11 1680 1685 1684 1686
708 12 1680 1685 1684 1687
709 13 1685 1684 1683 1688
710 14 1681 1685 1684 1683
711 15 1681 1685 1684 1686
712 16 1681 1685 1684 1687
713 17 1682 1685 1684 1683
714 18 1682 1685 1684 1686
715 19 1682 1685 1684 1687
716 20 1686 1684 1683 1688
717 21 1687 1684 1683 1688
718 10 1689 1694 1693 1692
719 11 1689 1694 1693 1695
720 12 1689 1694 1693 1696
721 13 1694 1693 1692 1697
722 14 1690 1694 1693 1692
723 15 1690 1694 1693 1695
724 16 1690 1694 1693 1696
725 17 1691 1694 1693 1692
726 18 1691 1694 1693 1695
727 19 1691 1694 1693 1696
728 20 1695 1693 1692 1697
729 21 1696 1693 1692 1697
730 10 1698 1703 1702 1701
731 11 1698 1703 1702 1704
732 12 1698 1703 1702 1705
733 13 1703 1702 1701 1706
734 14 1699 1703 1702 1701
735 15 1699 1703 1702 1704
736 16 1699 1703 1702 1705
737 17 1700 1703 1702 1701
738 18 1700 1703 1702 1704
739 19 1700 1703 1702 1705
740 20 1704 1702 1701 1706
741 21 1705 1702 1701 1706
742 10 1707 1712 1711 1710
743 11 1707 1712 1711 1713
744 12 1707 1712 1711 1714
745 13 1712 1711 1710 1715
746 14 1708 1712 1711 1710
747 15 1708 1712 1711 1713
748 16 1708 1712 1711 1714
749 17 1709 1712 1711 1710
750 18 1709 1712 1711 1713
751 19 1709 1712 1711 1714
752 20 1713 1711 1710 1715
753 21 1714 1711 1710 1715
754 10 1716 1721 1720 1719
755 11 1716 1721 1720 1722
756 12 1716 1721 1720 1723
757 13 1721 1720 1719 1724
758 14 1717 1721 1720 1719
759 15 1717 1721 1720 1722
760 16 1717 1721 1720 1723
761 17 1718 1721 1720 1719
762 18 1718 1721 1720 1722
763 19 1718 1721 1720 1723
764 20 1722 1720 1719 1724
765 21 1723 1720 1719 1724
766 10 1725 1730 1729 1728
767 11 1725 1730 1729 1731
768 12 1725 1730 1729 1732
769 13 1730 1729 1728 1733
770 14 1726 1730 1729 1728
771 15 1726 1730 1729 1731
772 16 1726 1730 1729 1732
773 17 1727 1730 1729 1728
774 18 1727 1730 1729 1731
775 19 1727 1730 1729 1732
776 20 1731 1729 1728 1733
777 21 1732 1729 1728 1733
778 10 1734 1739 1738 1737
779 11 1734 1739 1738 1740
780 12 1734 1739 1738 1741
781 13 1739 1738 1737 1742
782 14 1735 1739 1738 1737
783 15 1735 1739 1738 1740
784 16 1735 1739 1738 1741
785 17 1736 1739 1738 1737
786 18 1736 1739 1738 1740
787 19 1736 1739 1738 1741
788 20 1740 1738 1737 1742
789 21 1741 1738 1737 1742
790 10 1743 1748 1747 1746
791 11 1743 1748 1747 1749
792 12 1743 1748 1747 1750
793 13 1748 1747 1746 1751
794 14 1744 1748 1747 1746
795 15 1744 1748 1747 1749
796 16 1744 1748 1747 1750
797 17 1745 1748 1747 1746
798 18 1745 1748 1747 1749
799 19 1745 1748 1747 1750
800 20 1749 1747 1746 1751
801 21 1750 1747 1746 1751
802 10 1752 1757 1756 1755
803 11 1752 1757 1756 1758
804 12 1752 1757 1756 1759
805 13 1757 1756 1755 1760
806 14 1753 1757 1756 1755
807 15 1753 1757 1756 1758
808 16 1753 1757 1756 1759
809 17 1754 1757 1756 1755
810 18 1754 1757 1756 1758
811 19 1754 1757 1756 1759
812 20 1758 1756 1755 1760
813 21 1759 1756 1755 1760
814 10 1761 1766 1765 1764
815 11 1761 1766 1765 1767
816 12 1761 1766 1765 1768
817 13 1766 1765 1764 1769
818 14 1762 1766 1765 1764
819 15 1762 1766 1765 1767
820 16 1762 1766 1765 1768
821 17 1763 1766 1765 1764
822 18 1763 1766 1765 1767
823 19 1763 1766 1765 1768
824 20 1767 1765 1764 1769
825 21 1768 1765 1764 1769
826 10 1770 1775 1774 1773
827 11 1770 1775 1774 1776
828 12 1770 1775 1774 1777
829 13 1775 1774 1773 1778
830 14 1771 1775 1774 1773
831 15 1771 1775 1774 1776
832 16 1771 1775 1774 1777
833 17 1772 1775 1774 1773
834 18 1772 1775 1774 1776
835 19 1772 1775 1774 1777
836 20 1776 1774 1773 1778
837 21 1777 1774 1773 1778
838 10 1779 1784 1783 1782
839 11 1779 1784 1783 1785
840 12 1779 1784 1783 1786
841 13 1784 1783 1782 1787
842 14 1780 1784 1783 1782
843 15 1780 1784 1783 1785
844 16 1780 1784 1783 1786
845 17 1781 1784 1783 1782
846 18 1781 1784 1783 1785
847 19 1781 1784 1783 1786
848 20 1785 1783 1782 1787
849 21 1786 1783 1782 1787
850 10 1788 1793 1792 1791
851 11 1788 1793 1792 1794
852 12 1788 1793 1792 1795
853 13 1793 1792 1791 1796
854 14 1789 1793 1792 1791
855 15 1789 1793 1792 1794
856 16 1789 1793 1792 1795
857 17 1790 1793 1792 1791
858 18 1790 1793 1792 1794
859 19 1790 1793 1792 1795
860 20 1794 1792 1791 1796
861 21 1795 1792 1791 1796
862 10 1797 1802 1801 1800
863 11 1797 1802 1801 1803
864 12 1797 1802 1801 1804
865 13 1802 1801 1800 1805
866 14 1798 1802 1801 1800
867 15 1798 1802 1801 1803
868 16 1798 1802 1801 1804
869 17 1799 1802 1801 1800
870 18 1799 1802 1801 1803
871 19 1799 1802 1801 1804
872 20 1803 1801 1800 1805
873 21 1804 1801 1800 1805
874 10 1806 1811 1810 1809
875 11 1806 1811 1810 1812
876 12 1806 1811 1810 1813
877 13 1811 1810 1809 1814
878 14 1807 1811 1810 1809
879 15 1807 1811 1810 1812
880 16 1807 1811 1810 1813
881 17 1808 1811 1810 1809
882 18 1808 1811 1810 1812
883 19 1808 1811 1810 1813
884 20 1812 1810 1809 1814
885 21 1813 1810 1809 1814
886 10 1815 1820 1819 1818
887 11 1815 1820 1819 1821
888 12 1815 1820 1819 1822
889 13 1820 1819 1818 1823
890 14 1816 1820 1819 1818
891 15 1816 1820 1819 1821
892 16 1816 1820 1819 1822
893 17 1817 1820 1819 1818
894 18 1817 1820 1819 1821
895 19 1817 1820 1819 1822
896 20 1821 1819 1818 1823
897 21 1822 1819 1818 1823
898 10 1824 1829 1828 1827
899 11 1824 1829 1828 1830
900 12 1824 1829 1828 1831
901 13 1829 1828 1827 1832
902 14 1825 1829 1828 1827
903 15 1825 1829 1828 1830
904 16 1825 1829 1828 1831
905 17 1826 1829 1828 1827
906 18 1826 1829 1828 1830
907 19 1826 1829 1828 1831
908 20 1830 1828 1827 1832
909 21 1831 1828 1827 1832
910 10 1833 1838 1837 1836
911 11 1833 1838 1837 1839
912 12 1833 1838 1837 1840
913 13 1838 1837 1836 1841
914 14 1834 1838 1837 1836
915 15 1834 1838 1837 1839
916 16 1834 1838 1837 1840
917 17 1835 1838 1837 1836
918 18 1835 1838 1837 1839
919 19 1835 1838 1837 1840
920 20 1839 1837 1836 1841
921 21 1840 1837 1836 1841
922 10 1842 1847 1846 1845
923 11 1842 1847 1846 1848
924 12 1842 1847 1846 1849
925 13 1847 1846 1845 1850
926 14 1843 1847 1846 1845
927 15 1843 1847 1846 1848
928 16 1843 1847 1846 1849
929 17 1844 1847 1846 1845
930 18 1844 1847 1846 1848
931 19 1844 1847 1846 1849
932 20 1848 1846 1845 1850
933 21 1849 1846 1845 1850
934 10 1851 1856 1855 1854
935 11 1851 1856 1855 1857
936 12 1851 1856 1855 1858
937 13 1856 1855 1854 1859
938 14 1852 1856 1855 1854
939 15 1852 1856 1855 1857
940 16 1852 1856 1855 1858
941 17 1853 1856 1855 1854
942 18 1853 1856 1855 1857
943 19 1853 1856 1855 1858
944 20 1857 1855 1854 1859
945 21 1858 1855 1854 1859
946 10 1860 1865 1864 1863
947 11 1860 1865 1864 1866
948 12 1860 1865 1864 1867
949 13 1865 1864 1863 1868
950 14 1861 1865 1864 1863
951 15 1861 1865 1864 1866
952 16 1861 1865 1864 1867
953 17 1862 1865 1864 1863
954 18 1862 1865 1864 1866
955 19 1862 1865 1864 1867
956 20 1866 1864 1863 1868
957 21 1867 1864 1863 1868
958 10 1869 1874 1873 1872
959 11 1869 1874 1873 1875
960 12 1869 1874 1873 1876
961 13 1874 1873 1872 1877
962 14 1870 1874 1873 1872
963 15 1870 1874 1873 1875
964 16 1870 1874 1873 1876
965 17 1871 1874 1873 1872
966 18 1871 1874 1873 1875
967 19 1871 1874 1873 1876
968 20 1875 1873 1872 1877
969 21 1876 1873 1872 1877
970 10 1878 1883 1882 1881
971 11 1878 1883 1882 1884
972 12 1878 1883 1882 1885
973 13 1883 1882 1881 1886
974 14 1879 1883 1882 1881
975 15 1879 1883 1882 1884
976 16 1879 1883 1882 1885
977 17 1880 1883 1882 1881
978 18 1880 1883 1882 1884
979 19 1880 1883 1882 1885
980 20 1884 1882 1881 1886
981 21 1885 1882 1881 1886
982 10 1887 1892 1891 1890
983 11 1887 1892 1891 1893
984 12 1887 1892 1891 1894
985 13 1892 1891 1890 1895
986 14 1888 1892 1891 1890
987 15 1888 1892 1891 1893
988 16 1888 1892 1891 1894
989 17 1889 1892 1891 1890
990 18 1889 1892 1891 1893
991 19 1889 1892 1891 1894
992 20 1893 1891 1890 1895
993 21 1894 1891 1890 1895
994 10 1896 1901 1900 1899
995 11 1896 1901 1900 1902
996 12 1896 1901 1900 1903
997 13 1901 1900 1899 1904
998 14 1897 1901 1900 1899
999 15 1897 1901 1900 1902
1000 16 1897 1901 1900 1903
1001 17 1898 1901 1900 1899
1002 18 1898 1901 1900 1902
1003 19 1898 1901 1900 1903
1004 20 1902 1900 1899 1904
1005 21 1903 1900 1899 1904
1006 10 1905 1910 1909 1908
1007 11 1905 1910 1909 1911
1008 12 1905 1910 1909 1912
1009 13 1910 1909 1908 1913
1010 14 1906 1910 1909 1908
1011 15 1906 1910 1909 1911
1012 16 1906 1910 1909 1912
1013 17 1907 1910 1909 1908
1014 18 1907 1910 1909 1911
1015 19 1907 1910 1909 1912
1016 20 1911 1909 1908 1913
1017 21 1912 1909 1908 1913
1018 10 1914 1919 1918 1917
1019 11 1914 1919 1918 1920
1020 12 1914 1919 1918 1921
1021 13 1919 1918 1917 1922
1022 14 1915 1919 1918 1917
1023 15 1915 1919 1918 1920
1024 16 1915 1919 1918 1921
1025 17 1916 1919 1918 1917
1026 18 1916 1919 1918 1920
1027 19 1916 1919 1918 1921
1028 20 1920 1918 1917 1922
1029 21 1921 1918 1917 1922
1030 10 1923 1928 1927 1926
1031 11 1923 1928 1927 1929
1032 12 1923 1928 1927 1930
1033 13 1928 1927 1926 1931
1034 14 1924 1928 1927 1926
1035 15 1924 1928 1927 1929
1036 16 1924 1928 1927 1930
1037 17 1925 1928 1927 1926
1038 18 1925 1928 1927 1929
1039 19 1925 1928 1927 1930
1040 20 1929 1927 1926 1931
1041 21 1930 1927 1926 1931
1042 10 1932 1937 1936 1935
1043 11 1932 1937 1936 1938
1044 12 1932 1937 1936 1939
1045 13 1937 1936 1935 1940
1046 14 1933 1937 1936 1935
1047 15 1933 1937 1936 1938
1048 16 1933 1937 1936 1939
1049 17 1934 1937 1936 1935
1050 18 1934 1937 1936 1938
1051 19 1934 1937 1936 1939
1052 20 1938 1936 1935 1940
1053 21 1939 1936 1935 1940
1054 10 1941 1946 1945 1944
1055 11 1941 1946 1945 1947
1056 12 1941 1946 1945 1948
1057 13 1946 1945 1944 1949
1058 14 1942 1946 1945 1944
1059 15 1942 1946 1945 1947
1060 16 1942 1946 1945 1948
1061 17 1943 1946 1945 1944
1062 18 1943 1946 1945 1947
1063 19 1943 1946 1945 1948
1064 20 1947 1945 1944 1949
1065 21 1948 1945 1944 1949
1066 10 1950 1955 1954 1953
1067 11 1950 1955 1954 1956
1068 12 1950 1955 1954 1957
1069 13 1955 1954 1953 1958
1070 14 1951 1955 1954 1953
1071 15 1951 1955 1954 1956
1072 16 1951 1955 1954 1957
1073 17 1952 1955 1954 1953
1074 18 1952 1955 1954 1956
1075 19 1952 1955 1954 1957
1076 20 1956 1954 1953 1958
1077 21 1957 1954 1953 1958
1078 10 1959 1964 1963 1962
1079 11 1959 1964 1963 1965
1080 12 1959 1964 1963 1966
1081 13 1964 1963 1962 1967
1082 14 1960 1964 1963 1962
1083 15 1960 1964 1963 1965
1084 16 1960 1964 1963 1966
1085 17 1961 1964 1963 1962
1086 18 1961 1964 1963 1965
1087 19 1961 1964 1963 1966
1088 20 1965 1963 1962 1967
1089 21 1966 1963 1962 1967
1090 10 1968 1973 1972 1971
1091 11 1968 1973 1972 1974
1092 12 1968 1973 1972 1975
1093 13 1973 1972 1971 1976
1094 14 1969 1973 1972 1971
1095 15 1969 1973 1972 1974
1096 16 1969 1973 1972 1975
1097 17 1970 1973 1972 1971
1098 18 1970 1973 1972 1974
1099 19 1970 1973 1972 1975
1100 20 1974 1972 1971 1976
1101 21 1975 1972 1971 1976
1102 10 1977 1982 1981 1980
1103 11 1977 1982 1981 1983
1104 12 1977 1982 1981 1984
1105 13 1982 1981 1980 1985
1106 14 1978 1982 1981 1980
1107 15 1978 1982 1981 1983
1108 16 1978 1982 1981 1984
1109 17 1979 1982 1981 1980
1110 18 1979 1982 1981 1983
1111 19 1979 1982 1981 1984
1112 20 1983 1981 1980 1985
1113 21 1984 1981 1980 1985
1114 10 1986 1991 1990 1989
1115 11 1986 1991 1990 1992
1116 12 1986 1991 1990 1993
1117 13 1991 1990 1989 1994
1118 14 1987 1991 1990 1989
1119 15 1987 1991 1990 1992
1120 16 1987 1991 1990 1993
1121 17 1988 1991 1990 1989
1122 18 1988 1991 1990 1992
1123 19 1988 1991 1990 1993
1124 20 1992 1990 1989 1994
1125 21 1993 1990 1989 1994
1126 10 1995 2000 1999 1998
1127 11 1995 2000 1999 2001
1128 12 1995 2000 1999 2002
1129 13 2000 1999 1998 2003
1130 14 1996 2000 1999 1998
1131 15 1996 2000 1999 2001
1132 16 1996 2000 1999 2002
1133 17 1997 2000 1999 1998
1134 18 1997 2000 1999 2001
1135 19 1997 2000 1999 2002
1136 20 2001 1999 1998 2003
1137 21 2002 1999 1998 2003
1138 10 2004 2009 2008 2007
1139 11 2004 2009 2008 2010
1140 12 2004 2009 2008 2011
1141 13 2009 2008 2007 2012
1142 14 2005 2009 2008 2007
1143 15 2005 2009 2008 2010
1144 16 2005 2009 2008 2011
1145 17 2006 2009 2008 2007
1146 18 2006 2009 2008 2010
1147 19 2006 2009 2008 2011
1148 20 2010 2008 2007 2012
1149 21 2011 2008 2007 2012
1150 10 2013 2018 2017 2016
1151 11 2013 2018 2017 2019
1152 12 2013 2018 2017 2020
1153 13 2018 2017 2016 2021
1154 14 2014 2018 2017 2016
1155 15 2014 2018 2017 2019
1156 16 2014 2018 2017 2020
1157 17 2015 2018 2017 2016
1158 18 2015 2018 2017 2019
1159 19 2015 2018 2017 2020
1160 20 2019 2017 2016 2021
1161 21 2020 2017 2016 2021
1162 10 2022 2027 2026 2025
1163 11 2022 2027 2026 2028
1164 12 2022 2027 2026 2029
1165 13 2027 2026 2025 2030
1166 14 2023 2027 2026 2025
1167 15 2023 2027 2026 2028
1168 16 2023 2027 2026 2029
1169 17 2024 2027 2026 2025
1170 18 2024 2027 2026 2028
1171 19 2024 2027 2026 2029
1172 20 2028 2026 2025 2030
1173 21 2029 2026 2025 2030
1174 10 2031 2036 2035 2034
1175 11 2031 2036 2035 2037
1176 12 2031 2036 2035 2038
1177 13 2036 2035 2034 2039
1178 14 2032 2036 2035 2034
1179 15 2032 2036 2035 2037
1180 16 2032 2036 2035 2038
1181 17 2033 2036 2035 2034
1182 18 2033 2036 2035 2037
1183 19 2033 2036 2035 2038
1184 20 2037 2035 2034 2039
1185 21 2038 2035 2034 2039
1186 10 2040 2045 2044 2043
1187 11 2040 2045 2044 2046
1188 12 2040 2045 2044 2047
1189 13 2045 2044 2043 2048
1190 14 2041 2045 2044 2043
1191 15 2041 2045 2044 2046
1192 16 2041 2045 2044 2047
1193 17 2042 2045 2044 2043
1194 18 2042 2045 2044 2046
1195 19 2042 2045 2044 2047
1196 20 2046 2044 2043 2048
1197 21 2047 2044 2043 2048
1198 10 2049 2054 2053 2052
1199 11 2049 2054 2053 2055
1200 12 2049 2054 2053 2056
1201 13 2054 2053 2052 2057
1202 14 2050 2054 2053 2052
1203 15 2050 2054 2053 2055
1204 16 2050 2054 2053 2056
1205 17 2051 2054 2053 2052
1206 18 2051 2054 2053 2055
1207 19 2051 2054 2053 2056
1208 20 2055 2053 2052 2057
1209 21 2056 2053 2052 2057
1210 10 2058 2063 2062 2061
1211 11 2058 2063 2062 2064
1212 12 2058 2063 2062 2065
1213 13 2063 2062 2061 2066
1214 14 2059 2063 2062 2061
1215 15 2059 2063 2062 2064
1216 16 2059 2063 2062 2065
1217 17 2060 2063 2062 2061
1218 18 2060 2063 2062 2064
1219 19 2060 2063 2062 2065
1220 20 2064 2062 2061 2066
1221 21 2065 2062 2061 2066
1222 10 2067 2072 2071 2070
1223 11 2067 2072 2071 2073
1224 12 2067 2072 2071 2074
1225 13 2072 2071 2070 2075
1226 14 2068 2072 2071 2070
1227 15 2068 2072 2071 2073
1228 16 2068 2072 2071 2074
1229 17 2069 2072 2071 2070
1230 18 2069 2072 2071 2073
1231 19 2069 2072 2071 2074
1232 20 2073 2071 2070 2075
1233 21 2074 2071 2070 2075
1234 10 2076 2081 2080 2079
1235 11 2076 2081 2080 2082
1236 12 2076 2081 2080 2083
1237 13 2081 2080 2079 2084
1238 14 2077 2081 2080 2079
1239 15 2077 2081 2080 2082
1240 16 2077 2081 2080 2083
1241 17 2078 2081 2080 2079
1242 18 2078 2081 2080 2082
1243 19 2078 2081 2080 2083
1244 20 2082 2080 2079 2084
1245 21 2083 2080 2079 2084
1246 10 2085 2090 2089 2088
1247 11 2085 2090 2089 2091
1248 12 2085 2090 2089 2092
1249 13 2090 2089 2088 2093
1250 14 2086 2090 2089 2088
1251 15 2086 2090 2089 2091
1252 16 2086 2090 2089 2092
1253 17 2087 2090 2089 2088
1254 18 2087 2090 2089 2091
1255 19 2087 2090 2089 2092
1256 20 2091 2089 2088 2093
1257 21 2092 2089 2088 2093
1258 10 2094 2099 2098 2097
1259 11 2094 2099 2098 2100
1260 12 2094 2099 2098 2101
1261 13 2099 2098 2097 2102
1262 14 2095 2099 2098 2097
1263 15 2095 2099 2098 2100
1264 16 2095 2099 2098 2101
1265 17 2096 2099 2098 2097
1266 18 2096 2099 2098 2100
1267 19 2096 2099 2098 2101
1268 20 2100 2098 2097 2102
1269 21 2101 2098 2097 2102
1270 10 2103 2108 2107 2106
1271 11 2103 2108 2107 2109
1272 12 2103 2108 2107 2110
1273 13 2108 2107 2106 2111
1274 14 2104 2108 2107 2106
1275 15 2104 2108 2107 2109
1276 16 2104 2108 2107 2110
1277 17 2105 2108 2107 2106
1278 18 2105 2108 2107 2109
1279 19 2105 2108 2107 2110
1280 20 2109 2107 2106 2111
1281 21 2110 2107 2106 2111
1282 10 2112 2117 2116 2115
1283 11 2112 2117 2116 2118
1284 12 2112 2117 2116 2119
1285 13 2117 2116 2115 2120
1286 14 2113 2117 2116 2115
1287 15 2113 2117 2116 2118
1288 16 2113 2117 2116 2119
1289 17 2114 2117 2116 2115
1290 18 2114 2117 2116 2118
1291 19 2114 2117 2116 2119
1292 20 2118 2116 2115 2120
1293 21 2119 2116 2115 2120
1294 10 2121 2126 2125 2124
1295 11 2121 2126 2125 2127
1296 12 2121 2126 2125 2128
1297 13 2126 2125 2124 2129
1298 14 2122 2126 2125 2124
1299 15 2122 2126 2125 2127
1300 16 2122 2126 2125 2128
1301 17 2123 2126 2125 2124
1302 18 2123 2126 2125 2127
1303 19 2123 2126 2125 2128
1304 20 2127 2125 2124 2129
1305 21 2128 2125 2124 2129
1306 10 2130 2135 2134 2133
1307 11 2130 2135 2134 2136
1308 12 2130 2135 2134 2137
1309 13 2135 2134 2133 2138
1310 14 2131 2135 2134 2133
1311 15 2131 2135 2134 2136
1312 16 2131 2135 2134 2137
1313 17 2132 2135 2134 2133
1314 18 2132 2135 2134 2136
1315 19 2132 2135 2134 2137
1316 20 2136 2134 2133 2138
1317 21 2137 2134 2133 2138
1318 10 2139 2144 2143 2142
1319 11 2139 2144 2143 2145
1320 12 2139 2144 2143 2146
1321 13 2144 2143 2142 2147
1322 14 2140 2144 2143 2142
1323 15 2140 2144 2143 2145
1324 16 2140 2144 2143 2146
1325 17 2141 2144 2143 2142
1326 18 2141 2144 2143 2145
1327 19 2141 2144 2143 2146
1328 20 2145 2143 2142 2147
1329 21 2146 2143 2142 2147
1330 10 2148 2153 2152 2151
1331 11 2148 2153 2152 2154
1332 12 2148 2153 2152 2155
1333 13 2153 2152 2151 2156
1334 14 2149 2153 2152 2151
1335 15 2149 2153 2152 2154
1336 16 2149 2153 2152 2155
1337 17 2150 2153 2152 2151
1338 18 2150 2153 2152 2154
1339 19 2150 2153 2152 2155
1340 20 2154 2152 2151 2156
1341 21 2155 2152 2151 2156
1342 10 2157 2162 2161 2160
1343 11 2157 2162 2161 2163
1344 12 2157 2162 2161 2164
1345 13 2162 2161 2160 2165
1346 14 2158 2162 2161 2160
1347 15 2158 2162 2161 2163
1348 16 2158 2162 2161 2164
1349 17 2159 2162 2161 2160
1350 18 2159 2162 2161 2163
1351 19 2159 2162 2161 2164
1352 20 2163 2161 2160 2165
1353 21 2164 2161 2160 2165
1354 10 2166 2171 2170 2169
1355 11 2166 2171 2170 2172
1356 12 2166 2171 2170 2173
1357 13 2171 2170 2169 2174
1358 14 2167 2171 2170 2169
1359 15 2167 2171 2170 2172
1360 16 2167 2171 2170 2173
1361 17 2168 2171 2170 2169
1362 18 2168 2171 2170 2172
1363 19 2168 2171 2170 2173
1364 20 2172 2170 2169 2174
1365 21 2173 2170 2169 2174
1366 10 2175 2180 2179 2178
1367 11 2175 2180 2179 2181
1368 12 2175 2180 2179 2182
1369 13 2180 2179 2178 2183
1370 14 2176 2180 2179 2178
1371 15 2176 2180 2179 2181
1372 16 2176 2180 2179 2182
1373 17 2177 2180 2179 2178
1374 18 2177 2180 2179 2181
1375 19 2177 2180 2179 2182
1376 20 2181 2179 2178 2183
1377 21 2182 2179 2178 2183
1378 10 2184 2189 2188 2187
1379 11 2184 2189 2188 2190
1380 12 2184 2189 2188 2191
1381 13 2189 2188 2187 2192
1382 14 2185 2189 2188 2187
1383 15 2185 2189 2188 2190
1384 16 2185 2189 2188 2191
1385 17 2186 2189 2188 2187
1386 18 2186 2189 2188 2190
1387 19 2186 2189 2188 2191
1388 20 2190 2188 2187 2192
1389 21 2191 2188 2187 2192
1390 10 2193 2198 2197 2196
1391 11 2193 2198 2197 2199
1392 12 2193 2198 2197 2200
1393 13 2198 2197 2196 2201
1394 14 2194 2198 2197 2196
1395 15 2194 2198 2197 2199
1396 16 2194 2198 2197 2200
1397 17 2195 2198 2197 2196
1398 18 2195 2198 2197 2199
1399 19 2195 2198 2197 2200
1400 20 2199 2197 2196 2201
1401 21 2200 2197 2196 2201
1402 10 2202 2207 2206 2205
1403 11 2202 2207 2206 2208
1404 12 2202 2207 2206 2209
1405 13 2207 2206 2205 2210
1406 14 2203 2207 2206 2205
1407 15 2203 2207 2206 2208
1408 16 2203 2207 2206 2209
1409 17 2204 2207 2206 2205
1410 18 2204 2207 2206 2208
1411 19 2204 2207 2206 2209
1412 20 2208 2206 2205 2210
1413 21 2209 2206 2205 2210
1414 10 2211 2216 2215 2214
1415 11 2211 2216 2215 2217
1416 12 2211 2216 2215 2218
1417 13 2216 2215 2214 2219
1418 14 2212 2216 2215 2214
1419 15 2212 2216 2215 2217
1420 16 2212 2216 2215 2218
1421 17 2213 2216 2215 2214
1422 18 2213 2216 2215 2217
1423 19 2213 2216 2215 2218
1424 20 2217 2215 2214 2219
1425 21 2218 2215 2214 2219
1426 10 2220 2225 2224 2223
1427 11 2220 2225 2224 2226
1428 12 2220 2225 2224 2227
1429 13 2225 2224 2223 2228
1430 14 2221 2225 2224 2223
1431 15 2221 2225 2224 2226
1432 16 2221 2225 2224 2227
1433 17 2222 2225 2224 2223
1434 18 2222 2225 2224 2226
1435 19 2222 2225 2224 2227
1436 20 2226 2224 2223 2228
1437 21 2227 2224 2223 2228
1438 10 2229 2234 2233 2232
1439 11 2229 2234 2233 2235
1440 12 2229 2234 2233 2236
1441 13 2234 2233 2232 2237
1442 14 2230 2234 2233 2232
1443 15 2230 2234 2233 2235
1444 16 2230 2234 2233 2236
1445 17 2231 2234 2233 2232
1446 18 2231 2234 2233 2235
1447 19 2231 2234 2233 2236
1448 20 2235 2233 2232 2237
1449 21 2236 2233 2232 2237
1450 10 2238 2243 2242 2241
1451 11 2238 2243 2242 2244
1452 12 2238 2243 2242 2245
1453 13 2243 2242 2241 2246
1454 14 2239 2243 2242 2241
1455 15 2239 2243 2242 2244
1456 16 2239 2243 2242 2245
1457 17 2240 2243 2242 2241
1458 18 2240 2243 2242 2244
1459 19 2240 2243 2242 2245
1460 20 2244 2242 2241 2246
1461 21 2245 2242 2241 2246
1462 10 2247 2252 2251 2250
1463 11 2247 2252 2251 2253
1464 12 2247 2252 2251 2254
1465 13 2252 2251 2250 2255
1466 14 2248 2252 2251 2250
1467 15 2248 2252 2251 2253
1468 16 2248 2252 2251 2254
1469 17 2249 2252 2251 2250
1470 18 2249 2252 2251 2253
1471 19 2249 2252 2251 2254
1472 20 2253 2251 2250 2255
1473 21 2254 2251 2250 2255
1474 10 2256 2261 2260 2259
1475 11 2256 2261 2260 2262
1476 12 2256 2261 2260 2263
1477 13 2261 2260 2259 2264
1478 14 2257 2261 2260 2259
1479 15 2257 2261 2260 2262
1480 16 2257 2261 2260 2263
1481 17 2258 2261 2260 2259
1482 18 2258 2261 2260 2262
1483 19 2258 2261 2260 2263
1484 20 2262 2260 2259 2264
1485 21 2263 2260 2259 2264
1486 10 2265 2270 2269 2268
1487 11 2265 2270 2269 2271
1488 12 2265 2270 2269 2272
1489 13 2270 2269 2268 2273
1490 14 2266 2270 2269 2268
1491 15 2266 2270 2269 2271
1492 16 2266 2270 2269 2272
1493 17 2267 2270 2269 2268
1494 18 2267 2270 2269 2271
1495 19 2267 2270 2269 2272
1496 20 2271 2269 2268 2273
1497 21 2272 2269 2268 2273
1498 10 2274 2279 2278 2277
1499 11 2274 2279 2278 2280
1500 12 2274 2279 2278 2281
1501 13 2279 2278 2277 2282
1502 14 2275 2279 2278 2277
1503 15 2275 2279 2278 2280
1504 16 2275 2279 2278 2281
1505 17 2276 2279 2278 2277
1506 18 2276 2279 2278 2280
1507 19 2276 2279 2278 2281
1508 20 2280 2278 2277 2282
1509 21 2281 2278 2277 2282
1510 10 2283 2288 2287 2286
1511 11 2283 2288 2287 2289
1512 12 2283 2288 2287 2290
1513 13 2288 2287 2286 2291
1514 14 2284 2288 2287 2286
1515 15 2284 2288 2287 2289
1516 16 2284 2288 2287 2290
1517 17 2285 2288 2287 2286
1518 18 2285 2288 2287 2289
1519 19 2285 2288 2287 2290
1520 20 2289 2287 2286 2291
1521 21 2290 2287 2286 2291
1522 10 2292 2297 2296 2295
1523 11 2292 2297 2296 2298
1524 12 2292 2297 2296 2299
1525 13 2297 2296 2295 2300
1526 14 2293 2297 2296 2295
1527 15 2293 2297 2296 2298
1528 16 2293 2297 2296 2299
1529 17 2294 2297 2296 2295
1530 18 2294 2297 2296 2298
1531 19 2294 2297 2296 2299
1532 20 2298 2296 2295 2300
1533 21 2299 2296 2295 2300
1534 10 2301 2306 2305 2304
1535 11 2301 2306 2305 2307
1536 12 2301 2306 2305 2308
1537 13 2306 2305 2304 2309
1538 14 2302 2306 2305 2304
1539 15 2302 2306 2305 2307
1540 16 2302 2306 2305 2308
1541 17 2303 2306 2305 2304
1542 18 2303 2306 2305 2307
1543 19 2303 2306 2305 2308
1544 20 2307 2305 2304 2309
1545 21 2308 2305 2304 2309
1546 10 2310 2315 2314 2313
1547 11 2310 2315 2314 2316
1548 12 2310 2315 2314 2317
1549 13 2315 2314 2313 2318
1550 14 2311 2315 2314 2313
1551 15 2311 2315 2314 2316
1552 16 2311 2315 2314 2317
1553 17 2312 2315 2314 2313
1554 18 2312 2315 2314 2316
1555 19 2312 2315 2314 2317
1556 20 2316 2314 2313 2318
1557 21 2317 2314 2313 2318
