1 1 1 8
2 2 2 8
3 3 3 8
4 4 4 8
5 5 1 5
6 6 1 6
7 7 1 7
8 1 9 16
9 2 10 16
10 3 11 16
11 4 12 16
12 5 9 13
13 6 9 14
14 7 9 15
15 1 17 24
16 2 18 24
17 3 19 24
18 4 20 24
19 5 17 21
20 6 17 22
21 7 17 23
22 1 25 32
23 2 26 32
24 3 27 32
25 4 28 32
26 5 25 29
27 6 25 30
28 7 25 31
29 1 33 40
30 2 34 40
31 3 35 40
32 4 36 40
33 5 33 37
34 6 33 38
35 7 33 39
36 1 41 48
37 2 42 48
38 3 43 48
39 4 44 48
40 5 41 45
41 6 41 46
42 7 41 47
43 1 49 56
44 2 50 56
45 3 51 56
46 4 52 56
47 5 49 53
48 6 49 54
49 7 49 55
50 1 57 64
51 2 58 64
52 3 59 64
53 4 60 64
54 5 57 61
55 6 57 62
56 7 57 63
57 1 65 72
58 2 66 72
59 3 67 72
60 4 68 72
61 5 65 69
62 6 65 70
63 7 65 71
64 1 73 80
65 2 74 80
66 3 75 80
67 4 76 80
68 5 73 77
69 6 73 78
70 7 73 79
71 1 81 88
72 2 82 88
73 3 83 88
74 4 84 88
75 5 81 85
76 6 81 86
77 7 81 87
78 1 89 96
79 2 90 96
80 3 91 96
81 4 92 96
82 5 89 93
83 6 89 94
84 7 89 95
85 1 97 104
86 2 98 104
87 3 99 104
88 4 100 104
89 5 97 101
90 6 97 102
91 7 97 103
92 1 105 112
93 2 106 112
94 3 107 112
95 4 108 112
96 5 105 109
97 6 105 110
98 7 105 111
99 1 113 120
100 2 114 120
101 3 115 120
102 4 116 120
103 5 113 117
104 6 113 118
105 7 113 119
106 1 121 128
107 2 122 128
108 3 123 128
109 4 124 128
110 5 121 125
111 6 121 126
112 7 121 127
113 1 129 136
114 2 130 136
115 3 131 136
116 4 132 136
117 5 129 133
118 6 129 134
119 7 129 135
120 1 137 144
121 2 138 144
122 3 139 144
123 4 140 144
124 5 137 141
125 6 137 142
126 7 137 143
127 1 145 152
128 2 146 152
129 3 147 152
130 4 148 152
131 5 145 149
132 6 145 150
133 7 145 151
134 1 153 160
135 2 154 160
136 3 155 160
137 4 156 160
138 5 153 157
139 6 153 158
140 7 153 159
141 1 161 168
142 2 162 168
143 3 163 168
144 4 164 168
145 5 161 165
146 6 161 166
147 7 161 167
148 1 169 176
149 2 170 176
150 3 171 176
151 4 172 176
152 5 169 173
153 6 169 174
154 7 169 175
155 1 177 184
156 2 178 184
157 3 179 184
158 4 180 184
159 5 177 181
160 6 177 182
161 7 177 183
162 1 185 192
163 2 186 192
164 3 187 192
165 4 188 192
166 5 185 189
167 6 185 190
168 7 185 191
169 1 193 200
170 2 194 200
171 3 195 200
172 4 196 200
173 5 193 197
174 6 193 198
175 7 193 199
176 1 201 208
177 2 202 208
178 3 203 208
179 4 204 208
180 5 201 205
181 6 201 206
182 7 201 207
183 1 209 216
184 2 210 216
185 3 211 216
186 4 212 216
187 5 209 213
188 6 209 214
189 7 209 215
190 1 217 224
191 2 218 224
192 3 219 224
193 4 220 224
194 5 217 221
195 6 217 222
196 7 217 223
197 1 225 232
198 2 226 232
199 3 227 232
200 4 228 232
201 5 225 229
202 6 225 230
203 7 225 231
204 1 233 240
205 2 234 240
206 3 235 240
207 4 236 240
208 5 233 237
209 6 233 238
210 7 233 239
211 1 241 248
212 2 242 248
213 3 243 248
214 4 244 248
215 5 241 245
216 6 241 246
217 7 241 247
218 1 249 256
219 2 250 256
220 3 251 256
221 4 252 256
222 5 249 253
223 6 249 254
224 7 249 255
225 1 257 264
226 2 258 264
227 3 259 264
228 4 260 264
229 5 257 261
230 6 257 262
231 7 257 263
232 1 265 272
233 2 266 272
234 3 267 272
235 4 268 272
236 5 265 269
237 6 265 270
238 7 265 271
239 1 273 280
240 2 274 280
241 3 275 280
242 4 276 280
243 5 273 277
244 6 273 278
245 7 273 279
246 1 281 288
247 2 282 288
248 3 283 288
249 4 284 288
250 5 281 285
251 6 281 286
252 7 281 287
253 1 289 296
254 2 290 296
255 3 291 296
256 4 292 296
257 5 289 293
258 6 289 294
259 7 289 295
260 1 297 304
261 2 298 304
262 3 299 304
263 4 300 304
264 5 297 301
265 6 297 302
266 7 297 303
267 1 305 312
268 2 306 312
269 3 307 312
270 4 308 312
271 5 305 309
272 6 305 310
273 7 305 311
274 1 313 320
275 2 314 320
276 3 315 320
277 4 316 320
278 5 313 317
279 6 313 318
280 7 313 319
281 1 321 328
282 2 322 328
283 3 323 328
284 4 324 328
285 5 321 325
286 6 321 326
287 7 321 327
288 1 329 336
289 2 330 336
290 3 331 336
291 4 332 336
292 5 329 333
293 6 329 334
294 7 329 335
295 1 337 344
296 2 338 344
297 3 339 344
298 4 340 344
299 5 337 341
300 6 337 342
301 7 337 343
302 1 345 352
303 2 346 352
304 3 347 352
305 4 348 352
306 5 345 349
307 6 345 350
308 7 345 351
309 1 353 360
310 2 354 360
311 3 355 360
312 4 356 360
313 5 353 357
314 6 353 358
315 7 353 359
316 1 361 368
317 2 362 368
318 3 363 368
319 4 364 368
320 5 361 365
321 6 361 366
322 7 361 367
323 1 369 376
324 2 370 376
325 3 371 376
326 4 372 376
327 5 369 373
328 6 369 374
329 7 369 375
330 1 377 384
331 2 378 384
332 3 379 384
333 4 380 384
334 5 377 381
335 6 377 382
336 7 377 383
337 1 385 392
338 2 386 392
339 3 387 392
340 4 388 392
341 5 385 389
342 6 385 390
343 7 385 391
344 1 393 400
345 2 394 400
346 3 395 400
347 4 396 400
348 5 393 397
349 6 393 398
350 7 393 399
351 1 401 408
352 2 402 408
353 3 403 408
354 4 404 408
355 5 401 405
356 6 401 406
357 7 401 407
358 1 409 416
359 2 410 416
360 3 411 416
361 4 412 416
362 5 409 413
363 6 409 414
364 7 409 415
365 1 417 424
366 2 418 424
367 3 419 424
368 4 420 424
369 5 417 421
370 6 417 422
371 7 417 423
372 1 425 432
373 2 426 432
374 3 427 432
375 4 428 432
376 5 425 429
377 6 425 430
378 7 425 431
379 1 433 440
380 2 434 440
381 3 435 440
382 4 436 440
383 5 433 437
384 6 433 438
385 7 433 439
386 1 441 448
387 2 442 448
388 3 443 448
389 4 444 448
390 5 441 445
391 6 441 446
392 7 441 447
393 1 449 456
394 2 450 456
395 3 451 456
396 4 452 456
397 5 449 453
398 6 449 454
399 7 449 455
400 8 495 496
401 8 495 497
402 8 498 499
403 8 498 500
404 8 501 502
405 8 501 503
406 8 504 505
407 8 504 506
408 8 507 508
409 8 507 509
410 8 510 511
411 8 510 512
412 8 513 514
413 8 513 515
414 8 516 517
415 8 516 518
416 8 519 520
417 8 519 521
418 8 522 523
419 8 522 524
420 8 525 526
421 8 525 527
422 8 528 529
423 8 528 530
424 8 531 532
425 8 531 533
426 8 534 535
427 8 534 536
428 8 537 538
429 8 537 539
430 8 540 541
431 8 540 542
432 8 543 544
433 8 543 545
434 8 546 547
435 8 546 548
436 8 549 550
437 8 549 551
438 8 552 553
439 8 552 554
440 8 555 556
441 8 555 557
442 8 558 559
443 8 558 560
444 8 561 562
445 8 561 563
446 8 564 565
447 8 564 566
448 8 567 568
449 8 567 569
450 8 570 571
451 8 570 572
452 8 573 574
453 8 573 575
454 8 576 577
455 8 576 578
456 8 579 580
457 8 579 581
458 8 582 583
459 8 582 584
460 8 585 586
461 8 585 587
462 8 588 589
463 8 588 590
464 8 591 592
465 8 591 593
466 8 594 595
467 8 594 596
468 8 597 598
469 8 597 599
470 8 600 601
471 8 600 602
472 8 603 604
473 8 603 605
474 8 606 607
475 8 606 608
476 8 609 610
477 8 609 611
478 8 612 613
479 8 612 614
480 8 615 616
481 8 615 617
482 8 618 619
483 8 618 620
484 8 621 622
485 8 621 623
486 8 624 625
487 8 624 626
488 8 627 628
489 8 627 629
490 8 630 631
491 8 630 632
492 8 633 634
493 8 633 635
494 8 636 637
495 8 636 638
496 8 639 640
497 8 639 641
498 8 642 643
499 8 642 644
500 8 645 646
501 8 645 647
502 8 648 649
503 8 648 650
504 8 651 652
505 8 651 653
506 8 654 655
507 8 654 656
508 8 657 658
509 8 657 659
510 8 660 661
511 8 660 662
512 8 663 664
513 8 663 665
514 8 666 667
515 8 666 668
516 8 669 670
517 8 669 671
518 8 672 673
519 8 672 674
520 8 675 676
521 8 675 677
522 8 678 679
523 8 678 680
524 8 681 682
525 8 681 683
526 8 684 685
527 8 684 686
528 8 687 688
529 8 687 689
530 8 690 691
531 8 690 692
532 8 693 694
533 8 693 695
534 8 696 697
535 8 696 698
536 8 699 700
537 8 699 701
538 8 702 703
539 8 702 704
540 8 705 706
541 8 705 707
542 8 708 709
543 8 708 710
544 8 711 712
545 8 711 713
546 8 714 715
547 8 714 716
548 8 717 718
549 8 717 719
550 8 720 721
551 8 720 722
552 8 723 724
553 8 723 725
554 8 726 727
555 8 726 728
556 8 729 730
557 8 729 731
558 8 732 733
559 8 732 734
560 8 735 736
561 8 735 737
562 8 738 739
563 8 738 740
564 8 741 742
565 8 741 743
566 8 744 745
567 8 744 746
568 8 747 748
569 8 747 749
570 8 750 751
571 8 750 752
572 8 753 754
573 8 753 755
574 8 756 757
575 8 756 758
576 8 759 760
577 8 759 761
578 8 762 763
579 8 762 764
580 8 765 766
581 8 765 767
582 8 768 769
583 8 768 770
584 8 771 772
585 8 771 773
586 8 774 775
587 8 774 776
588 8 777 778
589 8 777 779
590 8 780 781
591 8 780 782
592 8 783 784
593 8 783 785
594 8 786 787
595 8 786 788
596 8 789 790
597 8 789 791
598 8 792 793
599 8 792 794
600 8 795 796
601 8 795 797
602 8 798 799
603 8 798 800
604 8 801 802
605 8 801 803
606 8 804 805
607 8 804 806
608 8 807 808
609 8 807 809
610 8 810 811
611 8 810 812
612 8 813 814
613 8 813 815
614 8 816 817
615 8 816 818
616 8 819 820
617 8 819 821
618 8 822 823
619 8 822 824
620 8 825 826
621 8 825 827
622 8 828 829
623 8 828 830
624 8 831 832
625 8 831 833
626 8 834 835
627 8 834 836
628 8 837 838
629 8 837 839
630 8 840 841
631 8 840 842
632 8 843 844
633 8 843 845
634 8 846 847
635 8 846 848
636 8 849 850
637 8 849 851
638 8 852 853
639 8 852 854
640 8 855 856
641 8 855 857
642 8 858 859
643 8 858 860
644 8 861 862
645 8 861 863
646 8 864 865
647 8 864 866
648 8 867 868
649 8 867 869
650 8 870 871
651 8 870 872
652 8 873 874
653 8 873 875
654 8 876 877
655 8 876 878
656 8 879 880
657 8 879 881
658 8 882 883
659 8 882 884
660 8 885 886
661 8 885 887
662 8 888 889
663 8 888 890
664 8 891 892
665 8 891 893
666 8 894 895
667 8 894 896
668 8 897 898
669 8 897 899
670 8 900 901
671 8 900 902
672 8 903 904
673 8 903 905
674 8 906 907
675 8 906 908
676 8 909 910
677 8 909 911
678 8 912 913
679 8 912 914
680 8 915 916
681 8 915 917
682 8 918 919
683 8 918 920
684 8 921 922
685 8 921 923
686 8 924 925
687 8 924 926
688 8 927 928
689 8 927 929
690 8 930 931
691 8 930 932
692 8 933 934
693 8 933 935
694 8 936 937
695 8 936 938
696 8 939 940
697 8 939 941
698 8 942 943
699 8 942 944
700 8 945 946
701 8 945 947
702 8 948 949
703 8 948 950
704 8 951 952
705 8 951 953
706 8 954 955
707 8 954 956
708 8 957 958
709 8 957 959
710 8 960 961
711 8 960 962
712 8 963 964
713 8 963 965
714 8 966 967
715 8 966 968
716 8 969 970
717 8 969 971
718 8 972 973
719 8 972 974
720 8 975 976
721 8 975 977
722 8 978 979
723 8 978 980
724 8 981 982
725 8 981 983
726 8 984 985
727 8 984 986
728 8 987 988
729 8 987 989
730 8 990 991
731 8 990 992
732 8 993 994
733 8 993 995
734 8 996 997
735 8 996 998
736 8 999 1000
737 8 999 1001
738 8 1002 1003
739 8 1002 1004
740 8 1005 1006
741 8 1005 1007
742 8 1008 1009
743 8 1008 1010
744 8 1011 1012
745 8 1011 1013
746 8 1014 1015
747 8 1014 1016
748 8 1017 1018
749 8 1017 1019
750 8 1020 1021
751 8 1020 1022
752 8 1023 1024
753 8 1023 1025
754 8 1026 1027
755 8 1026 1028
756 8 1029 1030
757 8 1029 1031
758 8 1032 1033
759 8 1032 1034
760 8 1035 1036
761 8 1035 1037
762 8 1038 1039
763 8 1038 1040
764 8 1041 1042
765 8 1041 1043
766 8 1044 1045
767 8 1044 1046
768 8 1047 1048
769 8 1047 1049
770 8 1050 1051
771 8 1050 1052
772 8 1053 1054
773 8 1053 1055
774 8 1056 1057
775 8 1056 1058
776 8 1059 1060
777 8 1059 1061
778 8 1062 1063
779 8 1062 1064
780 8 1065 1066
781 8 1065 1067
782 8 1068 1069
783 8 1068 1070
784 8 1071 1072
785 8 1071 1073
786 8 1074 1075
787 8 1074 1076
788 8 1077 1078
789 8 1077 1079
790 8 1080 1081
791 8 1080 1082
792 8 1083 1084
793 8 1083 1085
794 8 1086 1087
795 8 1086 1088
796 8 1089 1090
797 8 1089 1091
798 8 1092 1093
799 8 1092 1094
800 8 1095 1096
801 8 1095 1097
802 8 1098 1099
803 8 1098 1100
804 8 1101 1102
805 8 1101 1103
806 8 1104 1105
807 8 1104 1106
808 8 1107 1108
809 8 1107 1109
810 8 1110 1111
811 8 1110 1112
812 8 1113 1114
813 8 1113 1115
814 8 1116 1117
815 8 1116 1118
816 8 1119 1120
817 8 1119 1121
818 8 1122 1123
819 8 1122 1124
820 8 1125 1126
821 8 1125 1127
822 8 1128 1129
823 8 1128 1130
824 8 1131 1132
825 8 1131 1133
826 8 1134 1135
827 8 1134 1136
828 8 1137 1138
829 8 1137 1139
830 8 1140 1141
831 8 1140 1142
832 8 1143 1144
833 8 1143 1145
834 8 1146 1147
835 8 1146 1148
836 8 1149 1150
837 8 1149 1151
838 8 1152 1153
839 8 1152 1154
840 8 1155 1156
841 8 1155 1157
842 8 1158 1159
843 8 1158 1160
844 8 1161 1162
845 8 1161 1163
846 8 1164 1165
847 8 1164 1166
848 8 1167 1168
849 8 1167 1169
850 8 1170 1171
851 8 1170 1172
852 8 1173 1174
853 8 1173 1175
854 8 1176 1177
855 8 1176 1178
856 8 1179 1180
857 8 1179 1181
858 8 1182 1183
859 8 1182 1184
860 8 1185 1186
861 8 1185 1187
862 8 1188 1189
863 8 1188 1190
864 8 1191 1192
865 8 1191 1193
866 8 1194 1195
867 8 1194 1196
868 8 1197 1198
869 8 1197 1199
870 8 1200 1201
871 8 1200 1202
872 8 1203 1204
873 8 1203 1205
874 8 1206 1207
875 8 1206 1208
876 8 1209 1210
877 8 1209 1211
878 8 1212 1213
879 8 1212 1214
880 8 1215 1216
881 8 1215 1217
882 8 1218 1219
883 8 1218 1220
884 8 1221 1222
885 8 1221 1223
886 8 1224 1225
887 8 1224 1226
888 8 1227 1228
889 8 1227 1229
890 8 1230 1231
891 8 1230 1232
892 8 1233 1234
893 8 1233 1235
894 8 1236 1237
895 8 1236 1238
896 8 1239 1240
897 8 1239 1241
898 8 1242 1243
899 8 1242 1244
900 8 1245 1246
901 8 1245 1247
902 8 1248 1249
903 8 1248 1250
904 8 1251 1252
905 8 1251 1253
906 8 1254 1255
907 8 1254 1256
908 8 1257 1258
909 8 1257 1259
910 8 1260 1261
911 8 1260 1262
912 8 1263 1264
913 8 1263 1265
914 8 1266 1267
915 8 1266 1268
916 8 1269 1270
917 8 1269 1271
918 8 1272 1273
919 8 1272 1274
920 8 1275 1276
921 8 1275 1277
922 8 1278 1279
923 8 1278 1280
924 8 1281 1282
925 8 1281 1283
926 8 1284 1285
927 8 1284 1286
928 8 1287 1288
929 8 1287 1289
930 8 1290 1291
931 8 1290 1292
932 8 1293 1294
933 8 1293 1295
934 8 1296 1297
935 8 1296 1298
936 8 1299 1300
937 8 1299 1301
938 8 1302 1303
939 8 1302 1304
940 8 1305 1306
941 8 1305 1307
942 8 1308 1309
943 8 1308 1310
944 8 1311 1312
945 8 1311 1313
946 8 1314 1315
947 8 1314 1316
948 8 1317 1318
949 8 1317 1319
950 8 1320 1321
951 8 1320 1322
952 8 1323 1324
953 8 1323 1325
954 8 1326 1327
955 8 1326 1328
956 8 1329 1330
957 8 1329 1331
958 8 1332 1333
959 8 1332 1334
960 8 1335 1336
961 8 1335 1337
962 8 1338 1339
963 8 1338 1340
964 8 1341 1342
965 8 1341 1343
966 8 1344 1345
967 8 1344 1346
968 8 1347 1348
969 8 1347 1349
970 8 1350 1351
971 8 1350 1352
972 8 1353 1354
973 8 1353 1355
974 8 1356 1357
975 8 1356 1358
976 8 1359 1360
977 8 1359 1361
978 8 1362 1363
979 8 1362 1364
980 8 1365 1366
981 8 1365 1367
982 8 1368 1369
983 8 1368 1370
984 8 1371 1372
985 8 1371 1373
986 8 1374 1375
987 8 1374 1376
988 8 1377 1378
989 8 1377 1379
990 8 1380 1381
991 8 1380 1382
992 8 1383 1384
993 8 1383 1385
994 8 1386 1387
995 8 1386 1388
996 8 1389 1390
997 8 1389 1391
998 8 1392 1393
999 8 1392 1394
1000 8 1395 1396
1001 8 1395 1397
1002 8 1398 1399
1003 8 1398 1400
1004 8 1401 1402
1005 8 1401 1403
1006 8 1404 1405
1007 8 1404 1406
1008 8 1407 1408
1009 8 1407 1409
1010 8 1410 1411
1011 8 1410 1412
1012 8 1413 1414
1013 8 1413 1415
1014 8 1416 1417
1015 8 1416 1418
1016 8 1419 1420
1017 8 1419 1421
1018 8 1422 1423
1019 8 1422 1424
1020 8 1425 1426
1021 8 1425 1427
1022 8 1428 1429
1023 8 1428 1430
1024 8 1431 1432
1025 8 1431 1433
1026 8 1434 1435
1027 8 1434 1436
1028 8 1437 1438
1029 8 1437 1439
1030 8 1440 1441
1031 8 1440 1442
1032 8 1443 1444
1033 8 1443 1445
1034 8 1446 1447
1035 8 1446 1448
1036 8 1449 1450
1037 8 1449 1451
1038 8 1452 1453
1039 8 1452 1454
1040 8 1455 1456
1041 8 1455 1457
1042 8 1458 1459
1043 8 1458 1460
1044 8 1461 1462
1045 8 1461 1463
1046 8 1464 1465
1047 8 1464 1466
1048 8 1467 1468
1049 8 1467 1469
1050 8 1470 1471
1051 8 1470 1472
1052 8 1473 1474
1053 8 1473 1475
1054 8 1476 1477
1055 8 1476 1478
1056 8 1479 1480
1057 8 1479 1481
1058 8 1482 1483
1059 8 1482 1484
1060 8 1485 1486
1061 8 1485 1487
1062 8 1488 1489
1063 8 1488 1490
1064 8 1491 1492
1065 8 1491 1493
1066 8 1494 1495
1067 8 1494 1496
1068 8 1497 1498
1069 8 1497 1499
1070 8 1500 1501
1071 8 1500 1502
1072 8 1503 1504
1073 8 1503 1505
1074 8 1506 1507
1075 8 1506 1508
1076 8 1509 1510
1077 8 1509 1511
1078 8 1512 1513
1079 8 1512 1514
1080 8 1515 1516
1081 8 1515 1517
1082 8 1518 1519
1083 8 1518 1520
1084 8 1521 1522
1085 8 1521 1523
1086 8 1524 1525
1087 8 1524 1526
1088 8 1527 1528
1089 8 1527 1529
1090 8 1530 1531
1091 8 1530 1532
1092 8 1533 1534
1093 8 1533 1535
1094 9 1536 1541
1095 10 1537 1541
1096 11 1538 1541
1097 12 1540 1541
1098 13 1539 1540
1099 14 1540 1542
1100 15 1540 1543
1101 16 1539 1544
1102 9 1545 1550
1103 10 1546 1550
1104 11 1547 1550
1105 12 1549 1550
1106 13 1548 1549
1107 14 1549 1551
1108 15 1549 1552
1109 16 1548 1553
1110 9 1554 1559
1111 10 1555 1559
1112 11 1556 1559
1113 12 1558 1559
1114 13 1557 1558
1115 14 1558 1560
1116 15 1558 1561
1117 16 1557 1562
1118 9 1563 1568
1119 10 1564 1568
1120 11 1565 1568
1121 12 1567 1568
1122 13 1566 1567
1123 14 1567 1569
1124 15 1567 1570
1125 16 1566 1571
1126 9 1572 1577
1127 10 1573 1577
1128 11 1574 1577
1129 12 1576 1577
1130 13 1575 1576
1131 14 1576 1578
1132 15 1576 1579
1133 16 1575 1580
1134 9 1581 1586
1135 10 1582 1586
1136 11 1583 1586
1137 12 1585 1586
1138 13 1584 1585
1139 14 1585 1587
1140 15 1585 1588
1141 16 1584 1589
1142 9 1590 1595
1143 10 1591 1595
1144 11 1592 1595
1145 12 1594 1595
1146 13 1593 1594
1147 14 1594 1596
1148 15 1594 1597
1149 16 1593 1598
1150 9 1599 1604
1151 10 1600 1604
1152 11 1601 1604
1153 12 1603 1604
1154 13 1602 1603
1155 14 1603 1605
1156 15 1603 1606
1157 16 1602 1607
1158 9 1608 1613
1159 10 1609 1613
1160 11 1610 1613
1161 12 1612 1613
1162 13 1611 1612
1163 14 1612 1614
1164 15 1612 1615
1165 16 1611 1616
1166 9 1617 1622
1167 10 1618 1622
1168 11 1619 1622
1169 12 1621 1622
1170 13 1620 1621
1171 14 1621 1623
1172 15 1621 1624
1173 16 1620 1625
1174 9 1626 1631
1175 10 1627 1631
1176 11 1628 1631
1177 12 1630 1631
1178 13 1629 1630
1179 14 1630 1632
1180 15 1630 1633
1181 16 1629 1634
1182 9 1635 1640
1183 10 1636 1640
1184 11 1637 1640
1185 12 1639 1640
1186 13 1638 1639
1187 14 1639 1641
1188 15 1639 1642
1189 16 1638 1643
1190 9 1644 1649
1191 10 1645 1649
1192 11 1646 1649
1193 12 1648 1649
1194 13 1647 1648
1195 14 1648 1650
1196 15 1648 1651
1197 16 1647 1652
1198 9 1653 1658
1199 10 1654 1658
1200 11 1655 1658
1201 12 1657 1658
1202 13 1656 1657
1203 14 1657 1659
1204 15 1657 1660
1205 16 1656 1661
1206 9 1662 1667
1207 10 1663 1667
1208 11 1664 1667
1209 12 1666 1667
1210 13 1665 1666
1211 14 1666 1668
1212 15 1666 1669
1213 16 1665 1670
1214 9 1671 1676
1215 10 1672 1676
1216 11 1673 1676
1217 12 1675 1676
1218 13 1674 1675
1219 14 1675 1677
1220 15 1675 1678
1221 16 1674 1679
1222 9 1680 1685
1223 10 1681 1685
1224 11 1682 1685
1225 12 1684 1685
1226 13 1683 1684
1227 14 1684 1686
1228 15 1684 1687
1229 16 1683 1688
1230 9 1689 1694
1231 10 1690 1694
1232 11 1691 1694
1233 12 1693 1694
1234 13 1692 1693
1235 14 1693 1695
1236 15 1693 1696
1237 16 1692 1697
1238 9 1698 1703
1239 10 1699 1703
1240 11 1700 1703
1241 12 1702 1703
1242 13 1701 1702
1243 14 1702 1704
1244 15 1702 1705
1245 16 1701 1706
1246 9 1707 1712
1247 10 1708 1712
1248 11 1709 1712
1249 12 1711 1712
1250 13 1710 1711
1251 14 1711 1713
1252 15 1711 1714
1253 16 1710 1715
1254 9 1716 1721
1255 10 1717 1721
1256 11 1718 1721
1257 12 1720 1721
1258 13 1719 1720
1259 14 1720 1722
1260 15 1720 1723
1261 16 1719 1724
1262 9 1725 1730
1263 10 1726 1730
1264 11 1727 1730
1265 12 1729 1730
1266 13 1728 1729
1267 14 1729 1731
1268 15 1729 1732
1269 16 1728 1733
1270 9 1734 1739
1271 10 1735 1739
1272 11 1736 1739
1273 12 1738 1739
1274 13 1737 1738
1275 14 1738 1740
1276 15 1738 1741
1277 16 1737 1742
1278 9 1743 1748
1279 10 1744 1748
1280 11 1745 1748
1281 12 1747 1748
1282 13 1746 1747
1283 14 1747 1749
1284 15 1747 1750
1285 16 1746 1751
1286 9 1752 1757
1287 10 1753 1757
1288 11 1754 1757
1289 12 1756 1757
1290 13 1755 1756
1291 14 1756 1758
1292 15 1756 1759
1293 16 1755 1760
1294 9 1761 1766
1295 10 1762 1766
1296 11 1763 1766
1297 12 1765 1766
1298 13 1764 1765
1299 14 1765 1767
1300 15 1765 1768
1301 16 1764 1769
1302 9 1770 1775
1303 10 1771 1775
1304 11 1772 1775
1305 12 1774 1775
1306 13 1773 1774
1307 14 1774 1776
1308 15 1774 1777
1309 16 1773 1778
1310 9 1779 1784
1311 10 1780 1784
1312 11 1781 1784
1313 12 1783 1784
1314 13 1782 1783
1315 14 1783 1785
1316 15 1783 1786
1317 16 1782 1787
1318 9 1788 1793
1319 10 1789 1793
1320 11 1790 1793
1321 12 1792 1793
1322 13 1791 1792
1323 14 1792 1794
1324 15 1792 1795
1325 16 1791 1796
1326 9 1797 1802
1327 10 1798 1802
1328 11 1799 1802
1329 12 1801 1802
1330 13 1800 1801
1331 14 1801 1803
1332 15 1801 1804
1333 16 1800 1805
1334 9 1806 1811
1335 10 1807 1811
1336 11 1808 1811
1337 12 1810 1811
1338 13 1809 1810
1339 14 1810 1812
1340 15 1810 1813
1341 16 1809 1814
1342 9 1815 1820
1343 10 1816 1820
1344 11 1817 1820
1345 12 1819 1820
1346 13 1818 1819
1347 14 1819 1821
1348 15 1819 1822
1349 16 1818 1823
1350 9 1824 1829
1351 10 1825 1829
1352 11 1826 1829
1353 12 1828 1829
1354 13 1827 1828
1355 14 1828 1830
1356 15 1828 1831
1357 16 1827 1832
1358 9 1833 1838
1359 10 1834 1838
1360 11 1835 1838
1361 12 1837 1838
1362 13 1836 1837
1363 14 1837 1839
1364 15 1837 1840
1365 16 1836 1841
1366 9 1842 1847
1367 10 1843 1847
1368 11 1844 1847
1369 12 1846 1847
1370 13 1845 1846
1371 14 1846 1848
1372 15 1846 1849
1373 16 1845 1850
1374 9 1851 1856
1375 10 1852 1856
1376 11 1853 1856
1377 12 1855 1856
1378 13 1854 1855
1379 14 1855 1857
1380 15 1855 1858
1381 16 1854 1859
1382 9 1860 1865
1383 10 1861 1865
1384 11 1862 1865
1385 12 1864 1865
1386 13 1863 1864
1387 14 1864 1866
1388 15 1864 1867
1389 16 1863 1868
1390 9 1869 1874
1391 10 1870 1874
1392 11 1871 1874
1393 12 1873 1874
1394 13 1872 1873
1395 14 1873 1875
1396 15 1873 1876
1397 16 1872 1877
1398 9 1878 1883
1399 10 1879 1883
1400 11 1880 1883
1401 12 1882 1883
1402 13 1881 1882
1403 14 1882 1884
1404 15 1882 1885
1405 16 1881 1886
1406 9 1887 1892
1407 10 1888 1892
1408 11 1889 1892
1409 12 1891 1892
1410 13 1890 1891
1411 14 1891 1893
1412 15 1891 1894
1413 16 1890 1895
1414 9 1896 1901
1415 10 1897 1901
1416 11 1898 1901
1417 12 1900 1901
1418 13 1899 1900
1419 14 1900 1902
1420 15 1900 1903
1421 16 1899 1904
1422 9 1905 1910
1423 10 1906 1910
1424 11 1907 1910
1425 12 1909 1910
1426 13 1908 1909
1427 14 1909 1911
1428 15 1909 1912
1429 16 1908 1913
1430 9 1914 1919
1431 10 1915 1919
1432 11 1916 1919
1433 12 1918 1919
1434 13 1917 1918
1435 14 1918 1920
1436 15 1918 1921
1437 16 1917 1922
1438 9 1923 1928
1439 10 1924 1928
1440 11 1925 1928
1441 12 1927 1928
1442 13 1926 1927
1443 14 1927 1929
1444 15 1927 1930
1445 16 1926 1931
1446 9 1932 1937
1447 10 1933 1937
1448 11 1934 1937
1449 12 1936 1937
1450 13 1935 1936
1451 14 1936 1938
1452 15 1936 1939
1453 16 1935 1940
1454 9 1941 1946
1455 10 1942 1946
1456 11 1943 1946
1457 12 1945 1946
1458 13 1944 1945
1459 14 1945 1947
1460 15 1945 1948
1461 16 1944 1949
1462 9 1950 1955
1463 10 1951 1955
1464 11 1952 1955
1465 12 1954 1955
1466 13 1953 1954
1467 14 1954 1956
1468 15 1954 1957
1469 16 1953 1958
1470 9 1959 1964
1471 10 1960 1964
1472 11 1961 1964
1473 12 1963 1964
1474 13 1962 1963
1475 14 1963 1965
1476 15 1963 1966
1477 16 1962 1967
1478 9 1968 1973
1479 10 1969 1973
1480 11 1970 1973
1481 12 1972 1973
1482 13 1971 1972
1483 14 1972 1974
1484 15 1972 1975
1485 16 1971 1976
1486 9 1977 1982
1487 10 1978 1982
1488 11 1979 1982
1489 12 1981 1982
1490 13 1980 1981
1491 14 1981 1983
1492 15 1981 1984
1493 16 1980 1985
1494 9 1986 1991
1495 10 1987 1991
1496 11 1988 1991
1497 12 1990 1991
1498 13 1989 1990
1499 14 1990 1992
1500 15 1990 1993
1501 16 1989 1994
1502 9 1995 2000
1503 10 1996 2000
1504 11 1997 2000
1505 12 1999 2000
1506 13 1998 1999
1507 14 1999 2001
1508 15 1999 2002
1509 16 1998 2003
1510 9 2004 2009
1511 10 2005 2009
1512 11 2006 2009
1513 12 2008 2009
1514 13 2007 2008
1515 14 2008 2010
1516 15 2008 2011
1517 16 2007 2012
1518 9 2013 2018
1519 10 2014 2018
1520 11 2015 2018
1521 12 2017 2018
1522 13 2016 2017
1523 14 2017 2019
1524 15 2017 2020
1525 16 2016 2021
1526 9 2022 2027
1527 10 2023 2027
1528 11 2024 2027
1529 12 2026 2027
1530 13 2025 2026
1531 14 2026 2028
1532 15 2026 2029
1533 16 2025 2030
1534 9 2031 2036
1535 10 2032 2036
1536 11 2033 2036
1537 12 2035 2036
1538 13 2034 2035
1539 14 2035 2037
1540 15 2035 2038
1541 16 2034 2039
1542 9 2040 2045
1543 10 2041 2045
1544 11 2042 2045
1545 12 2044 2045
1546 13 2043 2044
1547 14 2044 2046
1548 15 2044 2047
1549 16 2043 2048
1550 9 2049 2054
1551 10 2050 2054
1552 11 2051 2054
1553 12 2053 2054
1554 13 2052 2053
1555 14 2053 2055
1556 15 2053 2056
1557 16 2052 2057
1558 9 2058 2063
1559 10 2059 2063
1560 11 2060 2063
1561 12 2062 2063
1562 13 2061 2062
1563 14 2062 2064
1564 15 2062 2065
1565 16 2061 2066
1566 9 2067 2072
1567 10 2068 2072
1568 11 2069 2072
1569 12 2071 2072
1570 13 2070 2071
1571 14 2071 2073
1572 15 2071 2074
1573 16 2070 2075
1574 9 2076 2081
1575 10 2077 2081
1576 11 2078 2081
1577 12 2080 2081
1578 13 2079 2080
1579 14 2080 2082
1580 15 2080 2083
1581 16 2079 2084
1582 9 2085 2090
1583 10 2086 2090
1584 11 2087 2090
1585 12 2089 2090
1586 13 2088 2089
1587 14 2089 2091
1588 15 2089 2092
1589 16 2088 2093
1590 9 2094 2099
1591 10 2095 2099
1592 11 2096 2099
1593 12 2098 2099
1594 13 2097 2098
1595 14 2098 2100
1596 15 2098 2101
1597 16 2097 2102
1598 9 2103 2108
1599 10 2104 2108
1600 11 2105 2108
1601 12 2107 2108
1602 13 2106 2107
1603 14 2107 2109
1604 15 2107 2110
1605 16 2106 2111
1606 9 2112 2117
1607 10 2113 2117
1608 11 2114 2117
1609 12 2116 2117
1610 13 2115 2116
1611 14 2116 2118
1612 15 2116 2119
1613 16 2115 2120
1614 9 2121 2126
1615 10 2122 2126
1616 11 2123 2126
1617 12 2125 2126
1618 13 2124 2125
1619 14 2125 2127
1620 15 2125 2128
1621 16 2124 2129
1622 9 2130 2135
1623 10 2131 2135
1624 11 2132 2135
1625 12 2134 2135
1626 13 2133 2134
1627 14 2134 2136
1628 15 2134 2137
1629 16 2133 2138
1630 9 2139 2144
1631 10 2140 2144
1632 11 2141 2144
1633 12 2143 2144
1634 13 2142 2143
1635 14 2143 2145
1636 15 2143 2146
1637 16 2142 2147
1638 9 2148 2153
1639 10 2149 2153
1640 11 2150 2153
1641 12 2152 2153
1642 13 2151 2152
1643 14 2152 2154
1644 15 2152 2155
1645 16 2151 2156
1646 9 2157 2162
1647 10 2158 2162
1648 11 2159 2162
1649 12 2161 2162
1650 13 2160 2161
1651 14 2161 2163
1652 15 2161 2164
1653 16 2160 2165
1654 9 2166 2171
1655 10 2167 2171
1656 11 2168 2171
1657 12 2170 2171
1658 13 2169 2170
1659 14 2170 2172
1660 15 2170 2173
1661 16 2169 2174
1662 9 2175 2180
1663 10 2176 2180
1664 11 2177 2180
1665 12 2179 2180
1666 13 2178 2179
1667 14 2179 2181
1668 15 2179 2182
1669 16 2178 2183
1670 9 2184 2189
1671 10 2185 2189
1672 11 2186 2189
1673 12 2188 2189
1674 13 2187 2188
1675 14 2188 2190
1676 15 2188 2191
1677 16 2187 2192
1678 9 2193 2198
1679 10 2194 2198
1680 11 2195 2198
1681 12 2197 2198
1682 13 2196 2197
1683 14 2197 2199
1684 15 2197 2200
1685 16 2196 2201
1686 9 2202 2207
1687 10 2203 2207
1688 11 2204 2207
1689 12 2206 2207
1690 13 2205 2206
1691 14 2206 2208
1692 15 2206 2209
1693 16 2205 2210
1694 9 2211 2216
1695 10 2212 2216
1696 11 2213 2216
1697 12 2215 2216
1698 13 2214 2215
1699 14 2215 2217
1700 15 2215 2218
1701 16 2214 2219
1702 9 2220 2225
1703 10 2221 2225
1704 11 2222 2225
1705 12 2224 2225
1706 13 2223 2224
1707 14 2224 2226
1708 15 2224 2227
1709 16 2223 2228
1710 9 2229 2234
1711 10 2230 2234
1712 11 2231 2234
1713 12 2233 2234
1714 13 2232 2233
1715 14 2233 2235
1716 15 2233 2236
1717 16 2232 2237
1718 9 2238 2243
1719 10 2239 2243
1720 11 2240 2243
1721 12 2242 2243
1722 13 2241 2242
1723 14 2242 2244
1724 15 2242 2245
1725 16 2241 2246
1726 9 2247 2252
1727 10 2248 2252
1728 11 2249 2252
1729 12 2251 2252
1730 13 2250 2251
1731 14 2251 2253
1732 15 2251 2254
1733 16 2250 2255
1734 9 2256 2261
1735 10 2257 2261
1736 11 2258 2261
1737 12 2260 2261
1738 13 2259 2260
1739 14 2260 2262
1740 15 2260 2263
1741 16 2259 2264
1742 9 2265 2270
1743 10 2266 2270
1744 11 2267 2270
1745 12 2269 2270
1746 13 2268 2269
1747 14 2269 2271
1748 15 2269 2272
1749 16 2268 2273
1750 9 2274 2279
1751 10 2275 2279
1752 11 2276 2279
1753 12 2278 2279
1754 13 2277 2278
1755 14 2278 2280
1756 15 2278 2281
1757 16 2277 2282
1758 9 2283 2288
1759 10 2284 2288
1760 11 2285 2288
1761 12 2287 2288
1762 13 2286 2287
1763 14 2287 2289
1764 15 2287 2290
1765 16 2286 2291
1766 9 2292 2297
1767 10 2293 2297
1768 11 2294 2297
1769 12 2296 2297
1770 13 2295 2296
1771 14 2296 2298
1772 15 2296 2299
1773 16 2295 2300
1774 9 2301 2306
1775 10 2302 2306
1776 11 2303 2306
1777 12 2305 2306
1778 13 2304 2305
1779 14 2305 2307
1780 15 2305 2308
1781 16 2304 2309
1782 9 2310 2315
1783 10 2311 2315
1784 11 2312 2315
1785 12 2314 2315
1786 13 2313 2314
1787 14 2314 2316
1788 15 2314 2317
1789 16 2313 2318
