    3 52 53
    4 52 54
    5 55 56
    6 55 57
    7 58 59
    8 58 60
    9 61 62
    10 61 63
    11 64 65
    12 64 66
    13 67 68
    14 67 69
    15 70 71
    16 70 72
    17 73 74
    18 73 75
    19 76 77
    20 76 78
    21 79 80
    22 79 81
    23 82 83
    24 82 84
    25 85 86
    26 85 87
    27 88 89
    28 88 90
    29 91 92
    30 91 93
    31 94 95
    32 94 96
    33 97 98
    34 97 99
    35 100 101
    36 100 102
    37 103 104
    38 103 105
    39 106 107
    40 106 108
    41 109 110
    42 109 111
    43 112 113
    44 112 114
    45 115 116
    46 115 117
    47 118 119
    48 118 120
    49 121 122
    50 121 123
    51 124 125
    52 124 126
    53 127 128
    54 127 129
    55 130 131
    56 130 132
    57 133 134
    58 133 135
    59 136 137
    60 136 138
    61 139 140
    62 139 141
    63 142 143
    64 142 144
    65 145 146
    66 145 147
    67 148 149
    68 148 150
    69 151 152
    70 151 153
    71 154 155
    72 154 156
    73 157 158
    74 157 159
    75 160 161
    76 160 162
    77 163 164
    78 163 165
    79 166 167
    80 166 168
    81 169 170
    82 169 171
    83 172 173
    84 172 174
    85 175 176
    86 175 177
    87 178 179
    88 178 180
    89 181 182
    90 181 183
    91 184 185
    92 184 186
    93 187 188
    94 187 189
    95 190 191
    96 190 192
    97 193 194
    98 193 195
    99 196 197
    100 196 198
    101 199 200
    102 199 201
    103 202 203
    104 202 204
    105 205 206
    106 205 207
    107 208 209
    108 208 210
    109 211 212
    110 211 213
    111 214 215
    112 214 216
    113 217 218
    114 217 219
    115 220 221
    116 220 222
    117 223 224
    118 223 225
    119 226 227
    120 226 228
    121 229 230
    122 229 231
    123 232 233
    124 232 234
    125 235 236
    126 235 237
    127 238 239
    128 238 240
    129 241 242
    130 241 243
    131 244 245
    132 244 246
    133 247 248
    134 247 249
    135 250 251
    136 250 252
    137 253 254
    138 253 255
    139 256 257
    140 256 258
    141 259 260
    142 259 261
    143 262 263
    144 262 264
    145 265 266
    146 265 267
    147 268 269
    148 268 270
    149 271 272
    150 271 273
    151 274 275
    152 274 276
    153 277 278
    154 277 279
    155 280 281
    156 280 282
    157 283 284
    158 283 285
    159 286 287
    160 286 288
    161 289 290
    162 289 291
    163 292 293
    164 292 294
    165 295 296
    166 295 297
    167 298 299
    168 298 300
    169 301 302
    170 301 303
    171 304 305
    172 304 306
    173 307 308
    174 307 309
    175 310 311
    176 310 312
    177 313 314
    178 313 315
    179 316 317
    180 316 318
    181 319 320
    182 319 321
    183 322 323
    184 322 324
    185 325 326
    186 325 327
    187 328 329
    188 328 330
    189 331 332
    190 331 333
    191 334 335
    192 334 336
    193 337 338
    194 337 339
    195 340 341
    196 340 342
    197 343 344
    198 343 345
    199 346 347
    200 346 348
    201 349 350
    202 349 351
