1.446033 0.834868 0.000000
4.338100 0.834868 0.000000
7.230167 0.834868 0.000000
10.122234 0.834868 0.000000
0.000000 3.339471 0.000000
2.892067 3.339471 0.000000
5.784133 3.339471 0.000000
8.676200 3.339471 0.000000
1.446033 5.844074 0.000000
4.338100 5.844074 0.000000
7.230167 5.844074 0.000000
10.122234 5.844074 0.000000
0.000000 8.348678 0.000000
2.892067 8.348678 0.000000
5.784133 8.348678 0.000000
8.676200 8.348678 0.000000
0.000000 1.669736 2.361363
2.892067 1.669736 2.361363
5.784133 1.669736 2.361363
8.676200 1.669736 2.361363
1.446033 4.174339 2.361363
4.338100 4.174339 2.361363
7.230167 4.174339 2.361363
10.122234 4.174339 2.361363
0.000000 6.678942 2.361363
2.892067 6.678942 2.361363
5.784133 6.678942 2.361363
8.676200 6.678942 2.361363
1.446033 9.183545 2.361363
4.338100 9.183545 2.361363
7.230167 9.183545 2.361363
10.122234 9.183545 2.361363
0.000000 0.000000 4.722725
2.892067 0.000000 4.722725
5.784133 0.000000 4.722725
8.676200 0.000000 4.722725
1.446033 2.504603 4.722725
4.338100 2.504603 4.722725
7.230167 2.504603 4.722725
10.122234 2.504603 4.722725
0.000000 5.009207 4.722725
2.892067 5.009207 4.722725
5.784133 5.009207 4.722725
8.676200 5.009207 4.722725
1.446033 7.513810 4.722725
4.338100 7.513810 4.722725
7.230167 7.513810 4.722725
10.122234 7.513810 4.722725
5.784133 5.009207 7.222725
4.681986 4.964358 7.843920
6.904716 4.964358 7.843920
17.809253 12.452947 18.282955
17.765008 13.067341 18.212025
17.412744 12.154431 18.654479
4.221903 5.566813 16.429788
3.739551 5.952326 16.373351
4.133973 4.953835 16.399981
13.000989 25.313049 10.071353
13.102607 24.724586 9.904457
12.422882 25.509219 10.179384
10.897388 10.837199 20.266210
11.220761 11.254856 19.941461
10.849118 10.892981 20.881775
24.934783 11.760303 23.728525
25.110294 11.859662 24.314863
24.378081 11.515082 23.608896
19.544656 21.205975 11.414521
19.180219 21.138010 11.911547
19.517012 20.794848 10.951302
27.035226 11.647346 26.388648
27.288093 11.794579 25.841976
27.385439 11.639609 26.900168
1.827323 29.994908 26.951858
2.346300 29.998125 26.612562
1.274431 29.970347 26.672451
10.418254 13.857437 20.007680
10.592075 14.405025 20.240926
10.547787 13.334570 20.314588
17.015866 18.174067 27.504050
16.844031 17.580058 27.458285
16.696230 18.613156 27.205059
14.674391 24.181214 23.732875
14.650523 23.562593 23.767633
15.222668 24.469128 23.703552
14.714845 6.117217 27.895587
14.558230 6.706470 28.008373
14.329502 5.749272 27.578587
2.447512 16.780964 19.652229
2.138261 17.246726 19.384091
2.167378 16.235749 19.745114
14.939722 29.275348 26.784824
15.433954 28.900952 26.779251
14.368580 29.034589 26.798748
22.922713 14.435934 21.797522
22.780008 14.728527 22.325246
23.417546 14.063191 21.773764
15.278861 14.287063 21.348681
14.695147 14.455983 21.472022
15.415520 13.689603 21.255259
5.320152 4.971274 21.642618
5.257809 5.554903 21.442718
4.984805 4.517885 21.385047
10.815614 1.288829 14.325259
10.938423 0.779677 13.993368
10.746649 1.835258 14.040617
10.812875 5.970974 17.163969
10.511709 5.913643 17.702932
11.286865 5.593753 17.032063
1.580785 15.098189 23.737705
2.098864 15.216255 23.418137
1.146754 15.536814 23.797598
8.706957 19.982982 19.345933
8.099263 20.098955 19.304364
8.913023 19.398568 19.327017
0.881206 18.819573 9.098012
0.267786 18.729142 9.100628
1.266046 18.336083 9.147990
2.591261 20.388580 28.567981
2.064943 20.144115 28.786374
3.095814 20.033611 28.506453
2.490332 9.913226 17.847629
2.564047 9.497718 18.301928
1.927041 10.016005 17.609930
22.547227 17.549269 9.713514
23.166785 17.525272 9.707118
22.257988 18.097229 9.692505
9.262188 25.963757 25.720478
9.882078 25.953589 25.710362
8.943407 25.432026 25.721728
22.998734 21.290074 19.392798
23.617582 21.327603 19.402138
22.721613 20.735572 19.402467
17.962449 23.109224 12.406534
17.385300 23.231881 12.215947
18.373629 23.569386 12.466063
1.188566 22.756336 16.815878
1.037716 23.352351 16.735391
1.784575 22.589644 16.852606
11.972877 22.312257 10.868989
12.134087 22.905082 10.785095
12.396040 21.863799 10.804333
20.113311 12.784859 19.596147
20.451010 13.302768 19.549263
20.389224 12.230723 19.561987
27.241882 9.359939 9.301412
27.439063 8.897097 9.663856
26.804350 9.254864 8.874930
18.656700 6.331626 18.494661
18.614543 6.513997 19.085789
18.168469 6.389151 18.116928
29.385075 27.002054 20.892794
29.912969 27.112413 21.198764
29.093390 27.464762 20.600934
8.660942 14.466063 29.476232
8.914813 15.006413 29.308781
8.945063 14.106158 29.893491
6.773674 5.525804 27.987961
7.149600 5.046602 27.871715
6.162077 5.467257 27.904995
8.927368 20.718517 12.305608
8.706963 20.148968 12.412866
9.378549 20.948728 12.663100
7.010326 13.226889 12.137735
6.759298 12.672631 12.257119
6.742003 13.741948 12.354711
18.629726 21.868424 29.495720
19.070115 22.304910 29.493269
18.604157 21.456449 29.958305
7.427224 9.161894 20.088295
7.675069 9.715781 19.960811
6.858286 9.022676 19.885099
29.546463 21.716157 17.601137
28.954051 21.894922 17.561647
29.994209 22.139625 17.668665
9.153185 16.863465 21.912372
9.605317 16.443810 21.975103
8.560682 16.692797 21.976983
0.501532 3.996196 17.697421
0.923233 4.450435 17.679966
0.601428 3.468402 17.387879
24.382587 21.131019 26.617269
24.804940 20.681566 26.681135
24.448932 21.664828 26.925502
26.328817 19.876443 19.186904
25.734569 19.884307 19.363756
26.593862 19.343215 19.014333
15.174745 18.787115 18.635524
15.732677 18.798648 18.365249
14.933762 18.248686 18.826268
9.787780 15.183683 8.903693
9.749739 14.565763 8.938285
9.891740 15.457770 8.357406
19.546809 4.527819 25.668584
19.114607 4.451034 26.106504
20.127122 4.333806 25.768374
13.350814 22.851472 26.950805
13.319737 23.462706 27.050281
13.902087 22.568730 26.928068
8.000496 10.392924 27.088458
7.702995 9.985288 27.448728
7.754129 10.952227 26.984320
23.281315 6.435567 20.391679
23.224973 6.617072 20.981891
23.140173 5.853507 20.231532
27.070155 3.030655 13.103430
27.474530 2.560865 13.119140
26.460998 2.915799 13.113280
2.142013 26.965595 28.373763
2.072743 27.547759 28.575643
2.473296 26.852262 27.862129
20.930543 7.803103 28.456730
20.967300 7.472427 27.933499
21.298113 7.665752 28.936718
22.760299 19.518097 29.149206
22.365216 19.935835 28.917099
22.895390 19.521916 29.754266
19.981123 21.263238 21.551324
19.541543 21.476545 21.169567
20.042901 20.653177 21.642819
6.310267 23.868058 10.820608
5.826423 24.136674 11.100268
6.845380 24.175870 10.763442
11.110342 2.845341 16.659440
11.241557 3.386320 16.932557
11.541626 2.401046 16.628494
1.699929 15.018439 26.535817
1.360023 14.679793 26.928566
2.290137 15.151066 26.671560
17.528485 28.798279 12.776136
17.948684 28.753132 12.322414
17.407007 29.349572 13.032419
3.814077 2.084771 22.456445
4.414890 1.943542 22.516004
3.646338 2.641781 22.242052
3.762369 23.996267 24.447529
3.473194 24.343556 24.872071
4.136051 23.535101 24.626551
20.626278 27.475494 20.026632
20.300860 27.185868 20.467867
20.336933 27.839301 19.616406
0.953505 6.087298 15.081032
0.682326 5.784372 14.612880
0.759820 6.655430 15.236190
15.849928 29.185821 10.336340
16.274590 28.900333 10.686522
15.246433 29.090851 10.441866
9.050166 3.925053 27.165804
9.453680 4.391619 27.228751
8.838390 3.628557 27.667404
18.216521 2.025016 27.298959
18.770742 1.748506 27.328126
17.710406 1.691888 27.167679
22.401003 11.058129 28.344467
21.888924 11.357155 28.525648
22.878491 11.375743 28.108908
9.804809 10.091741 14.194278
9.796047 10.429538 13.674389
9.451186 10.255594 14.676424
8.573716 12.130687 9.331197
8.987720 11.837479 8.974689
8.665216 12.723113 9.489379
20.788442 26.991444 9.434565
20.472012 26.618632 9.815816
21.256131 26.764558 9.096702
0.414095 8.831418 11.765366
0.031917 8.612203 12.201661
0.348611 8.649842 11.176211
25.043419 15.610715 20.977338
24.770801 15.777407 21.508716
24.711212 15.337391 20.530914
14.524637 21.088642 10.063464
14.645798 21.673473 9.896847
14.212347 20.715278 9.679489
26.391973 28.397762 10.180394
26.857435 28.552574 9.801122
26.414649 27.865722 10.497855
6.160957 19.511486 11.671310
5.597491 19.461772 11.925286
6.639088 19.200582 11.914398
25.830124 25.172228 13.046595
25.522163 25.710343 13.054414
26.435526 25.159563 13.179597
10.615516 20.619410 27.163356
10.365410 21.065315 26.812522
10.253554 20.184013 27.415893
7.155999 26.375652 18.283073
6.619341 26.365719 17.972640
7.631075 26.712327 18.070201
7.929644 27.386501 15.745637
7.414381 27.171000 15.476319
7.950862 27.971092 15.950979
15.398078 2.946841 21.335157
15.428534 2.340975 21.463483
14.847096 3.219178 21.253838
29.601328 2.907744 29.592872
29.145842 2.802258 29.185596
29.599887 3.426722 29.932020
21.261566 21.032435 24.783090
21.055787 20.675756 25.246667
21.569034 20.777603 24.308869
1.304793 12.606721 28.892864
1.844374 12.904466 28.824529
0.833682 12.882382 29.186848
22.472951 4.576882 15.243395
22.248017 5.151055 15.178596
22.716960 4.398805 15.784792
5.038678 13.548438 24.708025
4.777207 14.110154 24.732048
4.746027 13.059569 24.952411
24.300806 22.579777 13.954957
24.096868 23.146763 14.101261
23.917013 22.170956 13.690514
18.734866 6.082953 21.246782
19.127023 6.371570 21.630686
18.801421 5.477041 21.133633
8.864755 9.330662 24.510539
8.540838 8.802098 24.497651
9.484412 9.314862 24.498830
10.297120 28.050057 11.653841
9.724247 27.903607 11.840490
10.788065 27.857710 11.979934
22.522604 6.536692 23.779227
22.326238 6.471751 23.194683
22.361550 7.038030 24.106463
8.120642 22.013283 22.629702
8.034721 22.545283 22.936398
7.969308 21.474147 22.895771
22.714113 9.987665 18.618083
22.404228 9.906640 19.149002
23.311147 10.154311 18.629947
13.304596 7.521717 11.129967
13.639008 7.140640 11.486925
13.511212 8.093433 11.008265
16.230612 29.131226 22.302577
16.371389 29.709745 22.129471
16.680097 28.742389 22.479016
10.650044 18.639346 16.467584
10.302226 19.144057 16.373999
11.198425 18.689237 16.752454
29.524143 3.595497 10.108038
29.752106 3.790028 9.565213
29.885001 3.591205 10.612146
21.202847 0.947842 12.739029
20.701044 0.586669 12.786112
21.337163 1.223162 12.200030
29.424566 4.888181 23.534433
29.329739 4.286729 23.417248
29.228892 5.134533 24.068647
20.823730 19.680604 18.210202
20.689002 19.731008 18.813341
20.566639 19.229214 17.871804
0.807788 7.711739 17.607251
0.204678 8.452182 18.719003
0.045691 6.485132 17.367600
0.787823 8.543781 16.398713
2.191286 7.370109 17.941690
1.180401 11.668207 13.991798
0.013747 10.798021 13.819497
2.401467 10.862287 13.944062
1.209659 12.664440 12.914804
1.094659 12.349485 15.284523
1.145897 3.222685 13.553154
0.007782 3.564270 14.411062
2.319729 2.951844 14.384751
0.820794 2.029797 12.762851
1.431974 4.341169 12.653275
0.986953 24.960136 19.353351
2.355614 25.316333 18.968799
0.966597 23.591720 19.872786
0.515314 25.884137 20.391153
0.111610 25.052030 18.183754
