1 1 1 1.053176 -0.941 0.0 0.0
2 1 2 -0.139407 1.329 1.242 0.128
3 1 3 -0.139407 1.33 -0.51 -1.139
4 1 4 -0.139407 1.329 -0.731 1.012
5 1 5 -0.473736 -1.269 -1.397 -0.143
6 1 6 -0.473736 -1.269 0.823 -1.138
7 1 7 -0.473736 -1.269 0.574 1.282
8 1 8 -0.013746 0.852 0.0 0.0
9 2 1 1.053176 -0.941 0.0 0.0
10 2 2 -0.139407 1.329 1.242 0.128
11 2 3 -0.139407 1.33 -0.51 -1.139
12 2 4 -0.139407 1.329 -0.731 1.012
13 2 5 -0.473736 -1.269 -1.397 -0.143
14 2 6 -0.473736 -1.269 0.823 -1.138
15 2 7 -0.473736 -1.269 0.574 1.282
16 2 8 -0.013746 0.852 0.0 0.0
17 3 1 1.053176 -0.941 0.0 0.0
18 3 2 -0.139407 1.329 1.242 0.128
19 3 3 -0.139407 1.33 -0.51 -1.139
20 3 4 -0.139407 1.329 -0.731 1.012
21 3 5 -0.473736 -1.269 -1.397 -0.143
22 3 6 -0.473736 -1.269 0.823 -1.138
23 3 7 -0.473736 -1.269 0.574 1.282
24 3 8 -0.013746 0.852 0.0 0.0
25 4 1 1.053176 -0.941 0.0 0.0
26 4 2 -0.139407 1.329 1.242 0.128
27 4 3 -0.139407 1.33 -0.51 -1.139
28 4 4 -0.139407 1.329 -0.731 1.012
29 4 5 -0.473736 -1.269 -1.397 -0.143
30 4 6 -0.473736 -1.269 0.823 -1.138
31 4 7 -0.473736 -1.269 0.574 1.282
32 4 8 -0.013746 0.852 0.0 0.0
33 5 1 1.053176 -0.941 0.0 0.0
34 5 2 -0.139407 1.329 1.242 0.128
35 5 3 -0.139407 1.33 -0.51 -1.139
36 5 4 -0.139407 1.329 -0.731 1.012
37 5 5 -0.473736 -1.269 -1.397 -0.143
38 5 6 -0.473736 -1.269 0.823 -1.138
39 5 7 -0.473736 -1.269 0.574 1.282
40 5 8 -0.013746 0.852 0.0 0.0
41 6 1 1.053176 -0.941 0.0 0.0
42 6 2 -0.139407 1.329 1.242 0.128
43 6 3 -0.139407 1.33 -0.51 -1.139
44 6 4 -0.139407 1.329 -0.731 1.012
45 6 5 -0.473736 -1.269 -1.397 -0.143
46 6 6 -0.473736 -1.269 0.823 -1.138
47 6 7 -0.473736 -1.269 0.574 1.282
48 6 8 -0.013746 0.852 0.0 0.0
49 7 1 1.053176 -0.941 0.0 0.0
50 7 2 -0.139407 1.329 1.242 0.128
51 7 3 -0.139407 1.33 -0.51 -1.139
52 7 4 -0.139407 1.329 -0.731 1.012
53 7 5 -0.473736 -1.269 -1.397 -0.143
54 7 6 -0.473736 -1.269 0.823 -1.138
55 7 7 -0.473736 -1.269 0.574 1.282
56 7 8 -0.013746 0.852 0.0 0.0
57 8 1 1.053176 -0.941 0.0 0.0
58 8 2 -0.139407 1.329 1.242 0.128
59 8 3 -0.139407 1.33 -0.51 -1.139
60 8 4 -0.139407 1.329 -0.731 1.012
61 8 5 -0.473736 -1.269 -1.397 -0.143
62 8 6 -0.473736 -1.269 0.823 -1.138
63 8 7 -0.473736 -1.269 0.574 1.282
64 8 8 -0.013746 0.852 0.0 0.0
65 9 1 1.053176 -0.941 0.0 0.0
66 9 2 -0.139407 1.329 1.242 0.128
67 9 3 -0.139407 1.33 -0.51 -1.139
68 9 4 -0.139407 1.329 -0.731 1.012
69 9 5 -0.473736 -1.269 -1.397 -0.143
70 9 6 -0.473736 -1.269 0.823 -1.138
71 9 7 -0.473736 -1.269 0.574 1.282
72 9 8 -0.013746 0.852 0.0 0.0
73 10 1 1.053176 -0.941 0.0 0.0
74 10 2 -0.139407 1.329 1.242 0.128
75 10 3 -0.139407 1.33 -0.51 -1.139
76 10 4 -0.139407 1.329 -0.731 1.012
77 10 5 -0.473736 -1.269 -1.397 -0.143
78 10 6 -0.473736 -1.269 0.823 -1.138
79 10 7 -0.473736 -1.269 0.574 1.282
80 10 8 -0.013746 0.852 0.0 0.0
81 11 1 1.053176 -0.941 0.0 0.0
82 11 2 -0.139407 1.329 1.242 0.128
83 11 3 -0.139407 1.33 -0.51 -1.139
84 11 4 -0.139407 1.329 -0.731 1.012
85 11 5 -0.473736 -1.269 -1.397 -0.143
86 11 6 -0.473736 -1.269 0.823 -1.138
87 11 7 -0.473736 -1.269 0.574 1.282
88 11 8 -0.013746 0.852 0.0 0.0
89 12 1 1.053176 -0.941 0.0 0.0
90 12 2 -0.139407 1.329 1.242 0.128
91 12 3 -0.139407 1.33 -0.51 -1.139
92 12 4 -0.139407 1.329 -0.731 1.012
93 12 5 -0.473736 -1.269 -1.397 -0.143
94 12 6 -0.473736 -1.269 0.823 -1.138
95 12 7 -0.473736 -1.269 0.574 1.282
96 12 8 -0.013746 0.852 0.0 0.0
97 13 1 1.053176 -0.941 0.0 0.0
98 13 2 -0.139407 1.329 1.242 0.128
99 13 3 -0.139407 1.33 -0.51 -1.139
100 13 4 -0.139407 1.329 -0.731 1.012
101 13 5 -0.473736 -1.269 -1.397 -0.143
102 13 6 -0.473736 -1.269 0.823 -1.138
103 13 7 -0.473736 -1.269 0.574 1.282
104 13 8 -0.013746 0.852 0.0 0.0
105 14 1 1.053176 -0.941 0.0 0.0
106 14 2 -0.139407 1.329 1.242 0.128
107 14 3 -0.139407 1.33 -0.51 -1.139
108 14 4 -0.139407 1.329 -0.731 1.012
109 14 5 -0.473736 -1.269 -1.397 -0.143
110 14 6 -0.473736 -1.269 0.823 -1.138
111 14 7 -0.473736 -1.269 0.574 1.282
112 14 8 -0.013746 0.852 0.0 0.0
113 15 1 1.053176 -0.941 0.0 0.0
114 15 2 -0.139407 1.329 1.242 0.128
115 15 3 -0.139407 1.33 -0.51 -1.139
116 15 4 -0.139407 1.329 -0.731 1.012
117 15 5 -0.473736 -1.269 -1.397 -0.143
118 15 6 -0.473736 -1.269 0.823 -1.138
119 15 7 -0.473736 -1.269 0.574 1.282
120 15 8 -0.013746 0.852 0.0 0.0
121 16 1 1.053176 -0.941 0.0 0.0
122 16 2 -0.139407 1.329 1.242 0.128
123 16 3 -0.139407 1.33 -0.51 -1.139
124 16 4 -0.139407 1.329 -0.731 1.012
125 16 5 -0.473736 -1.269 -1.397 -0.143
126 16 6 -0.473736 -1.269 0.823 -1.138
127 16 7 -0.473736 -1.269 0.574 1.282
128 16 8 -0.013746 0.852 0.0 0.0
129 17 1 1.053176 -0.941 0.0 0.0
130 17 2 -0.139407 1.329 1.242 0.128
131 17 3 -0.139407 1.33 -0.51 -1.139
132 17 4 -0.139407 1.329 -0.731 1.012
133 17 5 -0.473736 -1.269 -1.397 -0.143
134 17 6 -0.473736 -1.269 0.823 -1.138
135 17 7 -0.473736 -1.269 0.574 1.282
136 17 8 -0.013746 0.852 0.0 0.0
137 18 1 1.053176 -0.941 0.0 0.0
138 18 2 -0.139407 1.329 1.242 0.128
139 18 3 -0.139407 1.33 -0.51 -1.139
140 18 4 -0.139407 1.329 -0.731 1.012
141 18 5 -0.473736 -1.269 -1.397 -0.143
142 18 6 -0.473736 -1.269 0.823 -1.138
143 18 7 -0.473736 -1.269 0.574 1.282
144 18 8 -0.013746 0.852 0.0 0.0
145 19 1 1.053176 -0.941 0.0 0.0
146 19 2 -0.139407 1.329 1.242 0.128
147 19 3 -0.139407 1.33 -0.51 -1.139
148 19 4 -0.139407 1.329 -0.731 1.012
149 19 5 -0.473736 -1.269 -1.397 -0.143
150 19 6 -0.473736 -1.269 0.823 -1.138
151 19 7 -0.473736 -1.269 0.574 1.282
152 19 8 -0.013746 0.852 0.0 0.0
153 20 1 1.053176 -0.941 0.0 0.0
154 20 2 -0.139407 1.329 1.242 0.128
155 20 3 -0.139407 1.33 -0.51 -1.139
156 20 4 -0.139407 1.329 -0.731 1.012
157 20 5 -0.473736 -1.269 -1.397 -0.143
158 20 6 -0.473736 -1.269 0.823 -1.138
159 20 7 -0.473736 -1.269 0.574 1.282
160 20 8 -0.013746 0.852 0.0 0.0
161 21 1 1.053176 -0.941 0.0 0.0
162 21 2 -0.139407 1.329 1.242 0.128
163 21 3 -0.139407 1.33 -0.51 -1.139
164 21 4 -0.139407 1.329 -0.731 1.012
165 21 5 -0.473736 -1.269 -1.397 -0.143
166 21 6 -0.473736 -1.269 0.823 -1.138
167 21 7 -0.473736 -1.269 0.574 1.282
168 21 8 -0.013746 0.852 0.0 0.0
169 22 1 1.053176 -0.941 0.0 0.0
170 22 2 -0.139407 1.329 1.242 0.128
171 22 3 -0.139407 1.33 -0.51 -1.139
172 22 4 -0.139407 1.329 -0.731 1.012
173 22 5 -0.473736 -1.269 -1.397 -0.143
174 22 6 -0.473736 -1.269 0.823 -1.138
175 22 7 -0.473736 -1.269 0.574 1.282
176 22 8 -0.013746 0.852 0.0 0.0
177 23 1 1.053176 -0.941 0.0 0.0
178 23 2 -0.139407 1.329 1.242 0.128
179 23 3 -0.139407 1.33 -0.51 -1.139
180 23 4 -0.139407 1.329 -0.731 1.012
181 23 5 -0.473736 -1.269 -1.397 -0.143
182 23 6 -0.473736 -1.269 0.823 -1.138
183 23 7 -0.473736 -1.269 0.574 1.282
184 23 8 -0.013746 0.852 0.0 0.0
185 24 1 1.053176 -0.941 0.0 0.0
186 24 2 -0.139407 1.329 1.242 0.128
187 24 3 -0.139407 1.33 -0.51 -1.139
188 24 4 -0.139407 1.329 -0.731 1.012
189 24 5 -0.473736 -1.269 -1.397 -0.143
190 24 6 -0.473736 -1.269 0.823 -1.138
191 24 7 -0.473736 -1.269 0.574 1.282
192 24 8 -0.013746 0.852 0.0 0.0
193 25 1 1.053176 -0.941 0.0 0.0
194 25 2 -0.139407 1.329 1.242 0.128
195 25 3 -0.139407 1.33 -0.51 -1.139
196 25 4 -0.139407 1.329 -0.731 1.012
197 25 5 -0.473736 -1.269 -1.397 -0.143
198 25 6 -0.473736 -1.269 0.823 -1.138
199 25 7 -0.473736 -1.269 0.574 1.282
200 25 8 -0.013746 0.852 0.0 0.0
201 26 1 1.053176 -0.941 0.0 0.0
202 26 2 -0.139407 1.329 1.242 0.128
203 26 3 -0.139407 1.33 -0.51 -1.139
204 26 4 -0.139407 1.329 -0.731 1.012
205 26 5 -0.473736 -1.269 -1.397 -0.143
206 26 6 -0.473736 -1.269 0.823 -1.138
207 26 7 -0.473736 -1.269 0.574 1.282
208 26 8 -0.013746 0.852 0.0 0.0
209 27 1 1.053176 -0.941 0.0 0.0
210 27 2 -0.139407 1.329 1.242 0.128
211 27 3 -0.139407 1.33 -0.51 -1.139
212 27 4 -0.139407 1.329 -0.731 1.012
213 27 5 -0.473736 -1.269 -1.397 -0.143
214 27 6 -0.473736 -1.269 0.823 -1.138
215 27 7 -0.473736 -1.269 0.574 1.282
216 27 8 -0.013746 0.852 0.0 0.0
217 28 1 1.053176 -0.941 0.0 0.0
218 28 2 -0.139407 1.329 1.242 0.128
219 28 3 -0.139407 1.33 -0.51 -1.139
220 28 4 -0.139407 1.329 -0.731 1.012
221 28 5 -0.473736 -1.269 -1.397 -0.143
222 28 6 -0.473736 -1.269 0.823 -1.138
223 28 7 -0.473736 -1.269 0.574 1.282
224 28 8 -0.013746 0.852 0.0 0.0
225 29 1 1.053176 -0.941 0.0 0.0
226 29 2 -0.139407 1.329 1.242 0.128
227 29 3 -0.139407 1.33 -0.51 -1.139
228 29 4 -0.139407 1.329 -0.731 1.012
229 29 5 -0.473736 -1.269 -1.397 -0.143
230 29 6 -0.473736 -1.269 0.823 -1.138
231 29 7 -0.473736 -1.269 0.574 1.282
232 29 8 -0.013746 0.852 0.0 0.0
233 30 1 1.053176 -0.941 0.0 0.0
234 30 2 -0.139407 1.329 1.242 0.128
235 30 3 -0.139407 1.33 -0.51 -1.139
236 30 4 -0.139407 1.329 -0.731 1.012
237 30 5 -0.473736 -1.269 -1.397 -0.143
238 30 6 -0.473736 -1.269 0.823 -1.138
239 30 7 -0.473736 -1.269 0.574 1.282
240 30 8 -0.013746 0.852 0.0 0.0
241 31 1 1.053176 -0.941 0.0 0.0
242 31 2 -0.139407 1.329 1.242 0.128
243 31 3 -0.139407 1.33 -0.51 -1.139
244 31 4 -0.139407 1.329 -0.731 1.012
245 31 5 -0.473736 -1.269 -1.397 -0.143
246 31 6 -0.473736 -1.269 0.823 -1.138
247 31 7 -0.473736 -1.269 0.574 1.282
248 31 8 -0.013746 0.852 0.0 0.0
249 32 1 1.053176 -0.941 0.0 0.0
250 32 2 -0.139407 1.329 1.242 0.128
251 32 3 -0.139407 1.33 -0.51 -1.139
252 32 4 -0.139407 1.329 -0.731 1.012
253 32 5 -0.473736 -1.269 -1.397 -0.143
254 32 6 -0.473736 -1.269 0.823 -1.138
255 32 7 -0.473736 -1.269 0.574 1.282
256 32 8 -0.013746 0.852 0.0 0.0
257 33 1 1.053176 -0.941 0.0 0.0
258 33 2 -0.139407 1.329 1.242 0.128
259 33 3 -0.139407 1.33 -0.51 -1.139
260 33 4 -0.139407 1.329 -0.731 1.012
261 33 5 -0.473736 -1.269 -1.397 -0.143
262 33 6 -0.473736 -1.269 0.823 -1.138
263 33 7 -0.473736 -1.269 0.574 1.282
264 33 8 -0.013746 0.852 0.0 0.0
265 34 1 1.053176 -0.941 0.0 0.0
266 34 2 -0.139407 1.329 1.242 0.128
267 34 3 -0.139407 1.33 -0.51 -1.139
268 34 4 -0.139407 1.329 -0.731 1.012
269 34 5 -0.473736 -1.269 -1.397 -0.143
270 34 6 -0.473736 -1.269 0.823 -1.138
271 34 7 -0.473736 -1.269 0.574 1.282
272 34 8 -0.013746 0.852 0.0 0.0
273 35 1 1.053176 -0.941 0.0 0.0
274 35 2 -0.139407 1.329 1.242 0.128
275 35 3 -0.139407 1.33 -0.51 -1.139
276 35 4 -0.139407 1.329 -0.731 1.012
277 35 5 -0.473736 -1.269 -1.397 -0.143
278 35 6 -0.473736 -1.269 0.823 -1.138
279 35 7 -0.473736 -1.269 0.574 1.282
280 35 8 -0.013746 0.852 0.0 0.0
281 36 1 1.053176 -0.941 0.0 0.0
282 36 2 -0.139407 1.329 1.242 0.128
283 36 3 -0.139407 1.33 -0.51 -1.139
284 36 4 -0.139407 1.329 -0.731 1.012
285 36 5 -0.473736 -1.269 -1.397 -0.143
286 36 6 -0.473736 -1.269 0.823 -1.138
287 36 7 -0.473736 -1.269 0.574 1.282
288 36 8 -0.013746 0.852 0.0 0.0
289 37 1 1.053176 -0.941 0.0 0.0
290 37 2 -0.139407 1.329 1.242 0.128
291 37 3 -0.139407 1.33 -0.51 -1.139
292 37 4 -0.139407 1.329 -0.731 1.012
293 37 5 -0.473736 -1.269 -1.397 -0.143
294 37 6 -0.473736 -1.269 0.823 -1.138
295 37 7 -0.473736 -1.269 0.574 1.282
296 37 8 -0.013746 0.852 0.0 0.0
297 38 1 1.053176 -0.941 0.0 0.0
298 38 2 -0.139407 1.329 1.242 0.128
299 38 3 -0.139407 1.33 -0.51 -1.139
300 38 4 -0.139407 1.329 -0.731 1.012
301 38 5 -0.473736 -1.269 -1.397 -0.143
302 38 6 -0.473736 -1.269 0.823 -1.138
303 38 7 -0.473736 -1.269 0.574 1.282
304 38 8 -0.013746 0.852 0.0 0.0
305 39 1 1.053176 -0.941 0.0 0.0
306 39 2 -0.139407 1.329 1.242 0.128
307 39 3 -0.139407 1.33 -0.51 -1.139
308 39 4 -0.139407 1.329 -0.731 1.012
309 39 5 -0.473736 -1.269 -1.397 -0.143
310 39 6 -0.473736 -1.269 0.823 -1.138
311 39 7 -0.473736 -1.269 0.574 1.282
312 39 8 -0.013746 0.852 0.0 0.0
313 40 1 1.053176 -0.941 0.0 0.0
314 40 2 -0.139407 1.329 1.242 0.128
315 40 3 -0.139407 1.33 -0.51 -1.139
316 40 4 -0.139407 1.329 -0.731 1.012
317 40 5 -0.473736 -1.269 -1.397 -0.143
318 40 6 -0.473736 -1.269 0.823 -1.138
319 40 7 -0.473736 -1.269 0.574 1.282
320 40 8 -0.013746 0.852 0.0 0.0
321 41 1 1.053176 -0.941 0.0 0.0
322 41 2 -0.139407 1.329 1.242 0.128
323 41 3 -0.139407 1.33 -0.51 -1.139
324 41 4 -0.139407 1.329 -0.731 1.012
325 41 5 -0.473736 -1.269 -1.397 -0.143
326 41 6 -0.473736 -1.269 0.823 -1.138
327 41 7 -0.473736 -1.269 0.574 1.282
328 41 8 -0.013746 0.852 0.0 0.0
329 42 1 1.053176 -0.941 0.0 0.0
330 42 2 -0.139407 1.329 1.242 0.128
331 42 3 -0.139407 1.33 -0.51 -1.139
332 42 4 -0.139407 1.329 -0.731 1.012
333 42 5 -0.473736 -1.269 -1.397 -0.143
334 42 6 -0.473736 -1.269 0.823 -1.138
335 42 7 -0.473736 -1.269 0.574 1.282
336 42 8 -0.013746 0.852 0.0 0.0
337 43 1 1.053176 -0.941 0.0 0.0
338 43 2 -0.139407 1.329 1.242 0.128
339 43 3 -0.139407 1.33 -0.51 -1.139
340 43 4 -0.139407 1.329 -0.731 1.012
341 43 5 -0.473736 -1.269 -1.397 -0.143
342 43 6 -0.473736 -1.269 0.823 -1.138
343 43 7 -0.473736 -1.269 0.574 1.282
344 43 8 -0.013746 0.852 0.0 0.0
345 44 1 1.053176 -0.941 0.0 0.0
346 44 2 -0.139407 1.329 1.242 0.128
347 44 3 -0.139407 1.33 -0.51 -1.139
348 44 4 -0.139407 1.329 -0.731 1.012
349 44 5 -0.473736 -1.269 -1.397 -0.143
350 44 6 -0.473736 -1.269 0.823 -1.138
351 44 7 -0.473736 -1.269 0.574 1.282
352 44 8 -0.013746 0.852 0.0 0.0
353 45 1 1.053176 -0.941 0.0 0.0
354 45 2 -0.139407 1.329 1.242 0.128
355 45 3 -0.139407 1.33 -0.51 -1.139
356 45 4 -0.139407 1.329 -0.731 1.012
357 45 5 -0.473736 -1.269 -1.397 -0.143
358 45 6 -0.473736 -1.269 0.823 -1.138
359 45 7 -0.473736 -1.269 0.574 1.282
360 45 8 -0.013746 0.852 0.0 0.0
361 46 1 1.053176 -0.941 0.0 0.0
362 46 2 -0.139407 1.329 1.242 0.128
363 46 3 -0.139407 1.33 -0.51 -1.139
364 46 4 -0.139407 1.329 -0.731 1.012
365 46 5 -0.473736 -1.269 -1.397 -0.143
366 46 6 -0.473736 -1.269 0.823 -1.138
367 46 7 -0.473736 -1.269 0.574 1.282
368 46 8 -0.013746 0.852 0.0 0.0
369 47 1 1.053176 -0.941 0.0 0.0
370 47 2 -0.139407 1.329 1.242 0.128
371 47 3 -0.139407 1.33 -0.51 -1.139
372 47 4 -0.139407 1.329 -0.731 1.012
373 47 5 -0.473736 -1.269 -1.397 -0.143
374 47 6 -0.473736 -1.269 0.823 -1.138
375 47 7 -0.473736 -1.269 0.574 1.282
376 47 8 -0.013746 0.852 0.0 0.0
377 48 1 1.053176 -0.941 0.0 0.0
378 48 2 -0.139407 1.329 1.242 0.128
379 48 3 -0.139407 1.33 -0.51 -1.139
380 48 4 -0.139407 1.329 -0.731 1.012
381 48 5 -0.473736 -1.269 -1.397 -0.143
382 48 6 -0.473736 -1.269 0.823 -1.138
383 48 7 -0.473736 -1.269 0.574 1.282
384 48 8 -0.013746 0.852 0.0 0.0
385 49 1 1.053176 -0.941 0.0 0.0
386 49 2 -0.139407 1.329 1.242 0.128
387 49 3 -0.139407 1.33 -0.51 -1.139
388 49 4 -0.139407 1.329 -0.731 1.012
389 49 5 -0.473736 -1.269 -1.397 -0.143
390 49 6 -0.473736 -1.269 0.823 -1.138
391 49 7 -0.473736 -1.269 0.574 1.282
392 49 8 -0.013746 0.852 0.0 0.0
393 50 1 1.053176 -0.941 0.0 0.0
394 50 2 -0.139407 1.329 1.242 0.128
395 50 3 -0.139407 1.33 -0.51 -1.139
396 50 4 -0.139407 1.329 -0.731 1.012
397 50 5 -0.473736 -1.269 -1.397 -0.143
398 50 6 -0.473736 -1.269 0.823 -1.138
399 50 7 -0.473736 -1.269 0.574 1.282
400 50 8 -0.013746 0.852 0.0 0.0
401 51 1 1.053176 -0.941 0.0 0.0
402 51 2 -0.139407 1.329 1.242 0.128
403 51 3 -0.139407 1.33 -0.51 -1.139
404 51 4 -0.139407 1.329 -0.731 1.012
405 51 5 -0.473736 -1.269 -1.397 -0.143
406 51 6 -0.473736 -1.269 0.823 -1.138
407 51 7 -0.473736 -1.269 0.574 1.282
408 51 8 -0.013746 0.852 0.0 0.0
409 52 1 1.053176 -0.941 0.0 0.0
410 52 2 -0.139407 1.329 1.242 0.128
411 52 3 -0.139407 1.33 -0.51 -1.139
412 52 4 -0.139407 1.329 -0.731 1.012
413 52 5 -0.473736 -1.269 -1.397 -0.143
414 52 6 -0.473736 -1.269 0.823 -1.138
415 52 7 -0.473736 -1.269 0.574 1.282
416 52 8 -0.013746 0.852 0.0 0.0
417 53 1 1.053176 -0.941 0.0 0.0
418 53 2 -0.139407 1.329 1.242 0.128
419 53 3 -0.139407 1.33 -0.51 -1.139
420 53 4 -0.139407 1.329 -0.731 1.012
421 53 5 -0.473736 -1.269 -1.397 -0.143
422 53 6 -0.473736 -1.269 0.823 -1.138
423 53 7 -0.473736 -1.269 0.574 1.282
424 53 8 -0.013746 0.852 0.0 0.0
425 54 1 1.053176 -0.941 0.0 0.0
426 54 2 -0.139407 1.329 1.242 0.128
427 54 3 -0.139407 1.33 -0.51 -1.139
428 54 4 -0.139407 1.329 -0.731 1.012
429 54 5 -0.473736 -1.269 -1.397 -0.143
430 54 6 -0.473736 -1.269 0.823 -1.138
431 54 7 -0.473736 -1.269 0.574 1.282
432 54 8 -0.013746 0.852 0.0 0.0
433 55 1 1.053176 -0.941 0.0 0.0
434 55 2 -0.139407 1.329 1.242 0.128
435 55 3 -0.139407 1.33 -0.51 -1.139
436 55 4 -0.139407 1.329 -0.731 1.012
437 55 5 -0.473736 -1.269 -1.397 -0.143
438 55 6 -0.473736 -1.269 0.823 -1.138
439 55 7 -0.473736 -1.269 0.574 1.282
440 55 8 -0.013746 0.852 0.0 0.0
441 56 1 1.053176 -0.941 0.0 0.0
442 56 2 -0.139407 1.329 1.242 0.128
443 56 3 -0.139407 1.33 -0.51 -1.139
444 56 4 -0.139407 1.329 -0.731 1.012
445 56 5 -0.473736 -1.269 -1.397 -0.143
446 56 6 -0.473736 -1.269 0.823 -1.138
447 56 7 -0.473736 -1.269 0.574 1.282
448 56 8 -0.013746 0.852 0.0 0.0
449 57 1 1.053176 -0.941 0.0 0.0
450 57 2 -0.139407 1.329 1.242 0.128
451 57 3 -0.139407 1.33 -0.51 -1.139
452 57 4 -0.139407 1.329 -0.731 1.012
453 57 5 -0.473736 -1.269 -1.397 -0.143
454 57 6 -0.473736 -1.269 0.823 -1.138
455 57 7 -0.473736 -1.269 0.574 1.282
456 57 8 -0.013746 0.852 0.0 0.0
457 58 9 1.600000 0.0 0.0 0.0
458 59 9 1.600000 0.0 0.0 0.0
459 60 9 1.600000 0.0 0.0 0.0
460 61 9 1.600000 0.0 0.0 0.0
461 62 9 1.600000 0.0 0.0 0.0
462 63 9 1.600000 0.0 0.0 0.0
463 64 9 1.600000 0.0 0.0 0.0
464 65 9 1.600000 0.0 0.0 0.0
465 66 9 1.600000 0.0 0.0 0.0
466 67 9 1.600000 0.0 0.0 0.0
467 68 9 1.600000 0.0 0.0 0.0
468 69 9 1.600000 0.0 0.0 0.0
469 70 9 1.600000 0.0 0.0 0.0
470 71 9 1.600000 0.0 0.0 0.0
471 72 9 1.600000 0.0 0.0 0.0
472 73 9 1.600000 0.0 0.0 0.0
473 74 9 1.600000 0.0 0.0 0.0
474 75 9 1.600000 0.0 0.0 0.0
475 76 9 1.600000 0.0 0.0 0.0
476 77 10 0.800000 0.0 0.0 0.0
477 78 10 0.800000 0.0 0.0 0.0
478 79 10 0.800000 0.0 0.0 0.0
479 80 10 0.800000 0.0 0.0 0.0
480 81 10 0.800000 0.0 0.0 0.0
481 82 10 0.800000 0.0 0.0 0.0
482 83 10 0.800000 0.0 0.0 0.0
483 84 10 0.800000 0.0 0.0 0.0
484 85 10 0.800000 0.0 0.0 0.0
485 86 10 0.800000 0.0 0.0 0.0
486 87 10 0.800000 0.0 0.0 0.0
487 88 10 0.800000 0.0 0.0 0.0
488 89 10 0.800000 0.0 0.0 0.0
489 90 10 0.800000 0.0 0.0 0.0
490 91 10 0.800000 0.0 0.0 0.0
491 92 10 0.800000 0.0 0.0 0.0
492 93 10 0.800000 0.0 0.0 0.0
493 94 10 0.800000 0.0 0.0 0.0
494 95 10 0.800000 0.0 0.0 0.0
495 96 11 -0.834 0.0 0.0 0.0
496 96 12 0.417 0.756950327 0.0 0.5858822766
497 96 12 0.417 -0.756950327 0.0 0.5858822766
498 97 11 -0.834 0.0 0.0 0.0
499 97 12 0.417 0.756950327 0.0 0.5858822766
500 97 12 0.417 -0.756950327 0.0 0.5858822766
501 98 11 -0.834 0.0 0.0 0.0
502 98 12 0.417 0.756950327 0.0 0.5858822766
503 98 12 0.417 -0.756950327 0.0 0.5858822766
504 99 11 -0.834 0.0 0.0 0.0
505 99 12 0.417 0.756950327 0.0 0.5858822766
506 99 12 0.417 -0.756950327 0.0 0.5858822766
507 100 11 -0.834 0.0 0.0 0.0
508 100 12 0.417 0.756950327 0.0 0.5858822766
509 100 12 0.417 -0.756950327 0.0 0.5858822766
510 101 11 -0.834 0.0 0.0 0.0
511 101 12 0.417 0.756950327 0.0 0.5858822766
512 101 12 0.417 -0.756950327 0.0 0.5858822766
513 102 11 -0.834 0.0 0.0 0.0
514 102 12 0.417 0.756950327 0.0 0.5858822766
515 102 12 0.417 -0.756950327 0.0 0.5858822766
516 103 11 -0.834 0.0 0.0 0.0
517 103 12 0.417 0.756950327 0.0 0.5858822766
518 103 12 0.417 -0.756950327 0.0 0.5858822766
519 104 11 -0.834 0.0 0.0 0.0
520 104 12 0.417 0.756950327 0.0 0.5858822766
521 104 12 0.417 -0.756950327 0.0 0.5858822766
522 105 11 -0.834 0.0 0.0 0.0
523 105 12 0.417 0.756950327 0.0 0.5858822766
524 105 12 0.417 -0.756950327 0.0 0.5858822766
525 106 11 -0.834 0.0 0.0 0.0
526 106 12 0.417 0.756950327 0.0 0.5858822766
527 106 12 0.417 -0.756950327 0.0 0.5858822766
528 107 11 -0.834 0.0 0.0 0.0
529 107 12 0.417 0.756950327 0.0 0.5858822766
530 107 12 0.417 -0.756950327 0.0 0.5858822766
531 108 11 -0.834 0.0 0.0 0.0
532 108 12 0.417 0.756950327 0.0 0.5858822766
533 108 12 0.417 -0.756950327 0.0 0.5858822766
534 109 11 -0.834 0.0 0.0 0.0
535 109 12 0.417 0.756950327 0.0 0.5858822766
536 109 12 0.417 -0.756950327 0.0 0.5858822766
537 110 11 -0.834 0.0 0.0 0.0
538 110 12 0.417 0.756950327 0.0 0.5858822766
539 110 12 0.417 -0.756950327 0.0 0.5858822766
540 111 11 -0.834 0.0 0.0 0.0
541 111 12 0.417 0.756950327 0.0 0.5858822766
542 111 12 0.417 -0.756950327 0.0 0.5858822766
543 112 11 -0.834 0.0 0.0 0.0
544 112 12 0.417 0.756950327 0.0 0.5858822766
545 112 12 0.417 -0.756950327 0.0 0.5858822766
546 113 11 -0.834 0.0 0.0 0.0
547 113 12 0.417 0.756950327 0.0 0.5858822766
548 113 12 0.417 -0.756950327 0.0 0.5858822766
549 114 11 -0.834 0.0 0.0 0.0
550 114 12 0.417 0.756950327 0.0 0.5858822766
551 114 12 0.417 -0.756950327 0.0 0.5858822766
552 115 11 -0.834 0.0 0.0 0.0
553 115 12 0.417 0.756950327 0.0 0.5858822766
554 115 12 0.417 -0.756950327 0.0 0.5858822766
555 116 11 -0.834 0.0 0.0 0.0
556 116 12 0.417 0.756950327 0.0 0.5858822766
557 116 12 0.417 -0.756950327 0.0 0.5858822766
558 117 11 -0.834 0.0 0.0 0.0
559 117 12 0.417 0.756950327 0.0 0.5858822766
560 117 12 0.417 -0.756950327 0.0 0.5858822766
561 118 11 -0.834 0.0 0.0 0.0
562 118 12 0.417 0.756950327 0.0 0.5858822766
563 118 12 0.417 -0.756950327 0.0 0.5858822766
564 119 11 -0.834 0.0 0.0 0.0
565 119 12 0.417 0.756950327 0.0 0.5858822766
566 119 12 0.417 -0.756950327 0.0 0.5858822766
567 120 11 -0.834 0.0 0.0 0.0
568 120 12 0.417 0.756950327 0.0 0.5858822766
569 120 12 0.417 -0.756950327 0.0 0.5858822766
570 121 11 -0.834 0.0 0.0 0.0
571 121 12 0.417 0.756950327 0.0 0.5858822766
572 121 12 0.417 -0.756950327 0.0 0.5858822766
573 122 11 -0.834 0.0 0.0 0.0
574 122 12 0.417 0.756950327 0.0 0.5858822766
575 122 12 0.417 -0.756950327 0.0 0.5858822766
576 123 11 -0.834 0.0 0.0 0.0
577 123 12 0.417 0.756950327 0.0 0.5858822766
578 123 12 0.417 -0.756950327 0.0 0.5858822766
579 124 11 -0.834 0.0 0.0 0.0
580 124 12 0.417 0.756950327 0.0 0.5858822766
581 124 12 0.417 -0.756950327 0.0 0.5858822766
582 125 11 -0.834 0.0 0.0 0.0
583 125 12 0.417 0.756950327 0.0 0.5858822766
584 125 12 0.417 -0.756950327 0.0 0.5858822766
585 126 11 -0.834 0.0 0.0 0.0
586 126 12 0.417 0.756950327 0.0 0.5858822766
587 126 12 0.417 -0.756950327 0.0 0.5858822766
588 127 11 -0.834 0.0 0.0 0.0
589 127 12 0.417 0.756950327 0.0 0.5858822766
590 127 12 0.417 -0.756950327 0.0 0.5858822766
591 128 11 -0.834 0.0 0.0 0.0
592 128 12 0.417 0.756950327 0.0 0.5858822766
593 128 12 0.417 -0.756950327 0.0 0.5858822766
594 129 11 -0.834 0.0 0.0 0.0
595 129 12 0.417 0.756950327 0.0 0.5858822766
596 129 12 0.417 -0.756950327 0.0 0.5858822766
597 130 11 -0.834 0.0 0.0 0.0
598 130 12 0.417 0.756950327 0.0 0.5858822766
599 130 12 0.417 -0.756950327 0.0 0.5858822766
600 131 11 -0.834 0.0 0.0 0.0
601 131 12 0.417 0.756950327 0.0 0.5858822766
602 131 12 0.417 -0.756950327 0.0 0.5858822766
603 132 11 -0.834 0.0 0.0 0.0
604 132 12 0.417 0.756950327 0.0 0.5858822766
605 132 12 0.417 -0.756950327 0.0 0.5858822766
606 133 11 -0.834 0.0 0.0 0.0
607 133 12 0.417 0.756950327 0.0 0.5858822766
608 133 12 0.417 -0.756950327 0.0 0.5858822766
609 134 11 -0.834 0.0 0.0 0.0
610 134 12 0.417 0.756950327 0.0 0.5858822766
611 134 12 0.417 -0.756950327 0.0 0.5858822766
612 135 11 -0.834 0.0 0.0 0.0
613 135 12 0.417 0.756950327 0.0 0.5858822766
614 135 12 0.417 -0.756950327 0.0 0.5858822766
615 136 11 -0.834 0.0 0.0 0.0
616 136 12 0.417 0.756950327 0.0 0.5858822766
617 136 12 0.417 -0.756950327 0.0 0.5858822766
618 137 11 -0.834 0.0 0.0 0.0
619 137 12 0.417 0.756950327 0.0 0.5858822766
620 137 12 0.417 -0.756950327 0.0 0.5858822766
621 138 11 -0.834 0.0 0.0 0.0
622 138 12 0.417 0.756950327 0.0 0.5858822766
623 138 12 0.417 -0.756950327 0.0 0.5858822766
624 139 11 -0.834 0.0 0.0 0.0
625 139 12 0.417 0.756950327 0.0 0.5858822766
626 139 12 0.417 -0.756950327 0.0 0.5858822766
627 140 11 -0.834 0.0 0.0 0.0
628 140 12 0.417 0.756950327 0.0 0.5858822766
629 140 12 0.417 -0.756950327 0.0 0.5858822766
630 141 11 -0.834 0.0 0.0 0.0
631 141 12 0.417 0.756950327 0.0 0.5858822766
632 141 12 0.417 -0.756950327 0.0 0.5858822766
633 142 11 -0.834 0.0 0.0 0.0
634 142 12 0.417 0.756950327 0.0 0.5858822766
635 142 12 0.417 -0.756950327 0.0 0.5858822766
636 143 11 -0.834 0.0 0.0 0.0
637 143 12 0.417 0.756950327 0.0 0.5858822766
638 143 12 0.417 -0.756950327 0.0 0.5858822766
639 144 11 -0.834 0.0 0.0 0.0
640 144 12 0.417 0.756950327 0.0 0.5858822766
641 144 12 0.417 -0.756950327 0.0 0.5858822766
642 145 11 -0.834 0.0 0.0 0.0
643 145 12 0.417 0.756950327 0.0 0.5858822766
644 145 12 0.417 -0.756950327 0.0 0.5858822766
645 146 11 -0.834 0.0 0.0 0.0
646 146 12 0.417 0.756950327 0.0 0.5858822766
647 146 12 0.417 -0.756950327 0.0 0.5858822766
648 147 11 -0.834 0.0 0.0 0.0
649 147 12 0.417 0.756950327 0.0 0.5858822766
650 147 12 0.417 -0.756950327 0.0 0.5858822766
651 148 11 -0.834 0.0 0.0 0.0
652 148 12 0.417 0.756950327 0.0 0.5858822766
653 148 12 0.417 -0.756950327 0.0 0.5858822766
654 149 11 -0.834 0.0 0.0 0.0
655 149 12 0.417 0.756950327 0.0 0.5858822766
656 149 12 0.417 -0.756950327 0.0 0.5858822766
657 150 11 -0.834 0.0 0.0 0.0
658 150 12 0.417 0.756950327 0.0 0.5858822766
659 150 12 0.417 -0.756950327 0.0 0.5858822766
660 151 11 -0.834 0.0 0.0 0.0
661 151 12 0.417 0.756950327 0.0 0.5858822766
662 151 12 0.417 -0.756950327 0.0 0.5858822766
663 152 11 -0.834 0.0 0.0 0.0
664 152 12 0.417 0.756950327 0.0 0.5858822766
665 152 12 0.417 -0.756950327 0.0 0.5858822766
666 153 11 -0.834 0.0 0.0 0.0
667 153 12 0.417 0.756950327 0.0 0.5858822766
668 153 12 0.417 -0.756950327 0.0 0.5858822766
669 154 11 -0.834 0.0 0.0 0.0
670 154 12 0.417 0.756950327 0.0 0.5858822766
671 154 12 0.417 -0.756950327 0.0 0.5858822766
672 155 11 -0.834 0.0 0.0 0.0
673 155 12 0.417 0.756950327 0.0 0.5858822766
674 155 12 0.417 -0.756950327 0.0 0.5858822766
675 156 11 -0.834 0.0 0.0 0.0
676 156 12 0.417 0.756950327 0.0 0.5858822766
677 156 12 0.417 -0.756950327 0.0 0.5858822766
678 157 11 -0.834 0.0 0.0 0.0
679 157 12 0.417 0.756950327 0.0 0.5858822766
680 157 12 0.417 -0.756950327 0.0 0.5858822766
681 158 11 -0.834 0.0 0.0 0.0
682 158 12 0.417 0.756950327 0.0 0.5858822766
683 158 12 0.417 -0.756950327 0.0 0.5858822766
684 159 11 -0.834 0.0 0.0 0.0
685 159 12 0.417 0.756950327 0.0 0.5858822766
686 159 12 0.417 -0.756950327 0.0 0.5858822766
687 160 11 -0.834 0.0 0.0 0.0
688 160 12 0.417 0.756950327 0.0 0.5858822766
689 160 12 0.417 -0.756950327 0.0 0.5858822766
690 161 11 -0.834 0.0 0.0 0.0
691 161 12 0.417 0.756950327 0.0 0.5858822766
692 161 12 0.417 -0.756950327 0.0 0.5858822766
693 162 11 -0.834 0.0 0.0 0.0
694 162 12 0.417 0.756950327 0.0 0.5858822766
695 162 12 0.417 -0.756950327 0.0 0.5858822766
696 163 11 -0.834 0.0 0.0 0.0
697 163 12 0.417 0.756950327 0.0 0.5858822766
698 163 12 0.417 -0.756950327 0.0 0.5858822766
699 164 11 -0.834 0.0 0.0 0.0
700 164 12 0.417 0.756950327 0.0 0.5858822766
701 164 12 0.417 -0.756950327 0.0 0.5858822766
702 165 11 -0.834 0.0 0.0 0.0
703 165 12 0.417 0.756950327 0.0 0.5858822766
704 165 12 0.417 -0.756950327 0.0 0.5858822766
705 166 11 -0.834 0.0 0.0 0.0
706 166 12 0.417 0.756950327 0.0 0.5858822766
707 166 12 0.417 -0.756950327 0.0 0.5858822766
708 167 11 -0.834 0.0 0.0 0.0
709 167 12 0.417 0.756950327 0.0 0.5858822766
710 167 12 0.417 -0.756950327 0.0 0.5858822766
711 168 11 -0.834 0.0 0.0 0.0
712 168 12 0.417 0.756950327 0.0 0.5858822766
713 168 12 0.417 -0.756950327 0.0 0.5858822766
714 169 11 -0.834 0.0 0.0 0.0
715 169 12 0.417 0.756950327 0.0 0.5858822766
716 169 12 0.417 -0.756950327 0.0 0.5858822766
717 170 11 -0.834 0.0 0.0 0.0
718 170 12 0.417 0.756950327 0.0 0.5858822766
719 170 12 0.417 -0.756950327 0.0 0.5858822766
720 171 11 -0.834 0.0 0.0 0.0
721 171 12 0.417 0.756950327 0.0 0.5858822766
722 171 12 0.417 -0.756950327 0.0 0.5858822766
723 172 11 -0.834 0.0 0.0 0.0
724 172 12 0.417 0.756950327 0.0 0.5858822766
725 172 12 0.417 -0.756950327 0.0 0.5858822766
726 173 11 -0.834 0.0 0.0 0.0
727 173 12 0.417 0.756950327 0.0 0.5858822766
728 173 12 0.417 -0.756950327 0.0 0.5858822766
729 174 11 -0.834 0.0 0.0 0.0
730 174 12 0.417 0.756950327 0.0 0.5858822766
731 174 12 0.417 -0.756950327 0.0 0.5858822766
732 175 11 -0.834 0.0 0.0 0.0
733 175 12 0.417 0.756950327 0.0 0.5858822766
734 175 12 0.417 -0.756950327 0.0 0.5858822766
735 176 11 -0.834 0.0 0.0 0.0
736 176 12 0.417 0.756950327 0.0 0.5858822766
737 176 12 0.417 -0.756950327 0.0 0.5858822766
738 177 11 -0.834 0.0 0.0 0.0
739 177 12 0.417 0.756950327 0.0 0.5858822766
740 177 12 0.417 -0.756950327 0.0 0.5858822766
741 178 11 -0.834 0.0 0.0 0.0
742 178 12 0.417 0.756950327 0.0 0.5858822766
743 178 12 0.417 -0.756950327 0.0 0.5858822766
744 179 11 -0.834 0.0 0.0 0.0
745 179 12 0.417 0.756950327 0.0 0.5858822766
746 179 12 0.417 -0.756950327 0.0 0.5858822766
747 180 11 -0.834 0.0 0.0 0.0
748 180 12 0.417 0.756950327 0.0 0.5858822766
749 180 12 0.417 -0.756950327 0.0 0.5858822766
750 181 11 -0.834 0.0 0.0 0.0
751 181 12 0.417 0.756950327 0.0 0.5858822766
752 181 12 0.417 -0.756950327 0.0 0.5858822766
753 182 11 -0.834 0.0 0.0 0.0
754 182 12 0.417 0.756950327 0.0 0.5858822766
755 182 12 0.417 -0.756950327 0.0 0.5858822766
756 183 11 -0.834 0.0 0.0 0.0
757 183 12 0.417 0.756950327 0.0 0.5858822766
758 183 12 0.417 -0.756950327 0.0 0.5858822766
759 184 11 -0.834 0.0 0.0 0.0
760 184 12 0.417 0.756950327 0.0 0.5858822766
761 184 12 0.417 -0.756950327 0.0 0.5858822766
762 185 11 -0.834 0.0 0.0 0.0
763 185 12 0.417 0.756950327 0.0 0.5858822766
764 185 12 0.417 -0.756950327 0.0 0.5858822766
765 186 11 -0.834 0.0 0.0 0.0
766 186 12 0.417 0.756950327 0.0 0.5858822766
767 186 12 0.417 -0.756950327 0.0 0.5858822766
768 187 11 -0.834 0.0 0.0 0.0
769 187 12 0.417 0.756950327 0.0 0.5858822766
770 187 12 0.417 -0.756950327 0.0 0.5858822766
771 188 11 -0.834 0.0 0.0 0.0
772 188 12 0.417 0.756950327 0.0 0.5858822766
773 188 12 0.417 -0.756950327 0.0 0.5858822766
774 189 11 -0.834 0.0 0.0 0.0
775 189 12 0.417 0.756950327 0.0 0.5858822766
776 189 12 0.417 -0.756950327 0.0 0.5858822766
777 190 11 -0.834 0.0 0.0 0.0
778 190 12 0.417 0.756950327 0.0 0.5858822766
779 190 12 0.417 -0.756950327 0.0 0.5858822766
780 191 11 -0.834 0.0 0.0 0.0
781 191 12 0.417 0.756950327 0.0 0.5858822766
782 191 12 0.417 -0.756950327 0.0 0.5858822766
783 192 11 -0.834 0.0 0.0 0.0
784 192 12 0.417 0.756950327 0.0 0.5858822766
785 192 12 0.417 -0.756950327 0.0 0.5858822766
786 193 11 -0.834 0.0 0.0 0.0
787 193 12 0.417 0.756950327 0.0 0.5858822766
788 193 12 0.417 -0.756950327 0.0 0.5858822766
789 194 11 -0.834 0.0 0.0 0.0
790 194 12 0.417 0.756950327 0.0 0.5858822766
791 194 12 0.417 -0.756950327 0.0 0.5858822766
792 195 11 -0.834 0.0 0.0 0.0
793 195 12 0.417 0.756950327 0.0 0.5858822766
794 195 12 0.417 -0.756950327 0.0 0.5858822766
795 196 11 -0.834 0.0 0.0 0.0
796 196 12 0.417 0.756950327 0.0 0.5858822766
797 196 12 0.417 -0.756950327 0.0 0.5858822766
798 197 11 -0.834 0.0 0.0 0.0
799 197 12 0.417 0.756950327 0.0 0.5858822766
800 197 12 0.417 -0.756950327 0.0 0.5858822766
801 198 11 -0.834 0.0 0.0 0.0
802 198 12 0.417 0.756950327 0.0 0.5858822766
803 198 12 0.417 -0.756950327 0.0 0.5858822766
804 199 11 -0.834 0.0 0.0 0.0
805 199 12 0.417 0.756950327 0.0 0.5858822766
806 199 12 0.417 -0.756950327 0.0 0.5858822766
807 200 11 -0.834 0.0 0.0 0.0
808 200 12 0.417 0.756950327 0.0 0.5858822766
809 200 12 0.417 -0.756950327 0.0 0.5858822766
810 201 11 -0.834 0.0 0.0 0.0
811 201 12 0.417 0.756950327 0.0 0.5858822766
812 201 12 0.417 -0.756950327 0.0 0.5858822766
813 202 11 -0.834 0.0 0.0 0.0
814 202 12 0.417 0.756950327 0.0 0.5858822766
815 202 12 0.417 -0.756950327 0.0 0.5858822766
816 203 11 -0.834 0.0 0.0 0.0
817 203 12 0.417 0.756950327 0.0 0.5858822766
818 203 12 0.417 -0.756950327 0.0 0.5858822766
819 204 11 -0.834 0.0 0.0 0.0
820 204 12 0.417 0.756950327 0.0 0.5858822766
821 204 12 0.417 -0.756950327 0.0 0.5858822766
822 205 11 -0.834 0.0 0.0 0.0
823 205 12 0.417 0.756950327 0.0 0.5858822766
824 205 12 0.417 -0.756950327 0.0 0.5858822766
825 206 11 -0.834 0.0 0.0 0.0
826 206 12 0.417 0.756950327 0.0 0.5858822766
827 206 12 0.417 -0.756950327 0.0 0.5858822766
828 207 11 -0.834 0.0 0.0 0.0
829 207 12 0.417 0.756950327 0.0 0.5858822766
830 207 12 0.417 -0.756950327 0.0 0.5858822766
831 208 11 -0.834 0.0 0.0 0.0
832 208 12 0.417 0.756950327 0.0 0.5858822766
833 208 12 0.417 -0.756950327 0.0 0.5858822766
834 209 11 -0.834 0.0 0.0 0.0
835 209 12 0.417 0.756950327 0.0 0.5858822766
836 209 12 0.417 -0.756950327 0.0 0.5858822766
837 210 11 -0.834 0.0 0.0 0.0
838 210 12 0.417 0.756950327 0.0 0.5858822766
839 210 12 0.417 -0.756950327 0.0 0.5858822766
840 211 11 -0.834 0.0 0.0 0.0
841 211 12 0.417 0.756950327 0.0 0.5858822766
842 211 12 0.417 -0.756950327 0.0 0.5858822766
843 212 11 -0.834 0.0 0.0 0.0
844 212 12 0.417 0.756950327 0.0 0.5858822766
845 212 12 0.417 -0.756950327 0.0 0.5858822766
846 213 11 -0.834 0.0 0.0 0.0
847 213 12 0.417 0.756950327 0.0 0.5858822766
848 213 12 0.417 -0.756950327 0.0 0.5858822766
849 214 11 -0.834 0.0 0.0 0.0
850 214 12 0.417 0.756950327 0.0 0.5858822766
851 214 12 0.417 -0.756950327 0.0 0.5858822766
852 215 11 -0.834 0.0 0.0 0.0
853 215 12 0.417 0.756950327 0.0 0.5858822766
854 215 12 0.417 -0.756950327 0.0 0.5858822766
855 216 11 -0.834 0.0 0.0 0.0
856 216 12 0.417 0.756950327 0.0 0.5858822766
857 216 12 0.417 -0.756950327 0.0 0.5858822766
858 217 11 -0.834 0.0 0.0 0.0
859 217 12 0.417 0.756950327 0.0 0.5858822766
860 217 12 0.417 -0.756950327 0.0 0.5858822766
861 218 11 -0.834 0.0 0.0 0.0
862 218 12 0.417 0.756950327 0.0 0.5858822766
863 218 12 0.417 -0.756950327 0.0 0.5858822766
864 219 11 -0.834 0.0 0.0 0.0
865 219 12 0.417 0.756950327 0.0 0.5858822766
866 219 12 0.417 -0.756950327 0.0 0.5858822766
867 220 11 -0.834 0.0 0.0 0.0
868 220 12 0.417 0.756950327 0.0 0.5858822766
869 220 12 0.417 -0.756950327 0.0 0.5858822766
870 221 11 -0.834 0.0 0.0 0.0
871 221 12 0.417 0.756950327 0.0 0.5858822766
872 221 12 0.417 -0.756950327 0.0 0.5858822766
873 222 11 -0.834 0.0 0.0 0.0
874 222 12 0.417 0.756950327 0.0 0.5858822766
875 222 12 0.417 -0.756950327 0.0 0.5858822766
876 223 11 -0.834 0.0 0.0 0.0
877 223 12 0.417 0.756950327 0.0 0.5858822766
878 223 12 0.417 -0.756950327 0.0 0.5858822766
879 224 11 -0.834 0.0 0.0 0.0
880 224 12 0.417 0.756950327 0.0 0.5858822766
881 224 12 0.417 -0.756950327 0.0 0.5858822766
882 225 11 -0.834 0.0 0.0 0.0
883 225 12 0.417 0.756950327 0.0 0.5858822766
884 225 12 0.417 -0.756950327 0.0 0.5858822766
885 226 11 -0.834 0.0 0.0 0.0
886 226 12 0.417 0.756950327 0.0 0.5858822766
887 226 12 0.417 -0.756950327 0.0 0.5858822766
888 227 11 -0.834 0.0 0.0 0.0
889 227 12 0.417 0.756950327 0.0 0.5858822766
890 227 12 0.417 -0.756950327 0.0 0.5858822766
891 228 11 -0.834 0.0 0.0 0.0
892 228 12 0.417 0.756950327 0.0 0.5858822766
893 228 12 0.417 -0.756950327 0.0 0.5858822766
894 229 11 -0.834 0.0 0.0 0.0
895 229 12 0.417 0.756950327 0.0 0.5858822766
896 229 12 0.417 -0.756950327 0.0 0.5858822766
897 230 11 -0.834 0.0 0.0 0.0
898 230 12 0.417 0.756950327 0.0 0.5858822766
899 230 12 0.417 -0.756950327 0.0 0.5858822766
900 231 11 -0.834 0.0 0.0 0.0
901 231 12 0.417 0.756950327 0.0 0.5858822766
902 231 12 0.417 -0.756950327 0.0 0.5858822766
903 232 11 -0.834 0.0 0.0 0.0
904 232 12 0.417 0.756950327 0.0 0.5858822766
905 232 12 0.417 -0.756950327 0.0 0.5858822766
906 233 11 -0.834 0.0 0.0 0.0
907 233 12 0.417 0.756950327 0.0 0.5858822766
908 233 12 0.417 -0.756950327 0.0 0.5858822766
909 234 11 -0.834 0.0 0.0 0.0
910 234 12 0.417 0.756950327 0.0 0.5858822766
911 234 12 0.417 -0.756950327 0.0 0.5858822766
912 235 11 -0.834 0.0 0.0 0.0
913 235 12 0.417 0.756950327 0.0 0.5858822766
914 235 12 0.417 -0.756950327 0.0 0.5858822766
915 236 11 -0.834 0.0 0.0 0.0
916 236 12 0.417 0.756950327 0.0 0.5858822766
917 236 12 0.417 -0.756950327 0.0 0.5858822766
918 237 11 -0.834 0.0 0.0 0.0
919 237 12 0.417 0.756950327 0.0 0.5858822766
920 237 12 0.417 -0.756950327 0.0 0.5858822766
921 238 11 -0.834 0.0 0.0 0.0
922 238 12 0.417 0.756950327 0.0 0.5858822766
923 238 12 0.417 -0.756950327 0.0 0.5858822766
924 239 11 -0.834 0.0 0.0 0.0
925 239 12 0.417 0.756950327 0.0 0.5858822766
926 239 12 0.417 -0.756950327 0.0 0.5858822766
927 240 11 -0.834 0.0 0.0 0.0
928 240 12 0.417 0.756950327 0.0 0.5858822766
929 240 12 0.417 -0.756950327 0.0 0.5858822766
930 241 11 -0.834 0.0 0.0 0.0
931 241 12 0.417 0.756950327 0.0 0.5858822766
932 241 12 0.417 -0.756950327 0.0 0.5858822766
933 242 11 -0.834 0.0 0.0 0.0
934 242 12 0.417 0.756950327 0.0 0.5858822766
935 242 12 0.417 -0.756950327 0.0 0.5858822766
936 243 11 -0.834 0.0 0.0 0.0
937 243 12 0.417 0.756950327 0.0 0.5858822766
938 243 12 0.417 -0.756950327 0.0 0.5858822766
939 244 11 -0.834 0.0 0.0 0.0
940 244 12 0.417 0.756950327 0.0 0.5858822766
941 244 12 0.417 -0.756950327 0.0 0.5858822766
942 245 11 -0.834 0.0 0.0 0.0
943 245 12 0.417 0.756950327 0.0 0.5858822766
944 245 12 0.417 -0.756950327 0.0 0.5858822766
945 246 11 -0.834 0.0 0.0 0.0
946 246 12 0.417 0.756950327 0.0 0.5858822766
947 246 12 0.417 -0.756950327 0.0 0.5858822766
948 247 11 -0.834 0.0 0.0 0.0
949 247 12 0.417 0.756950327 0.0 0.5858822766
950 247 12 0.417 -0.756950327 0.0 0.5858822766
951 248 11 -0.834 0.0 0.0 0.0
952 248 12 0.417 0.756950327 0.0 0.5858822766
953 248 12 0.417 -0.756950327 0.0 0.5858822766
954 249 11 -0.834 0.0 0.0 0.0
955 249 12 0.417 0.756950327 0.0 0.5858822766
956 249 12 0.417 -0.756950327 0.0 0.5858822766
957 250 11 -0.834 0.0 0.0 0.0
958 250 12 0.417 0.756950327 0.0 0.5858822766
959 250 12 0.417 -0.756950327 0.0 0.5858822766
960 251 11 -0.834 0.0 0.0 0.0
961 251 12 0.417 0.756950327 0.0 0.5858822766
962 251 12 0.417 -0.756950327 0.0 0.5858822766
963 252 11 -0.834 0.0 0.0 0.0
964 252 12 0.417 0.756950327 0.0 0.5858822766
965 252 12 0.417 -0.756950327 0.0 0.5858822766
966 253 11 -0.834 0.0 0.0 0.0
967 253 12 0.417 0.756950327 0.0 0.5858822766
968 253 12 0.417 -0.756950327 0.0 0.5858822766
969 254 11 -0.834 0.0 0.0 0.0
970 254 12 0.417 0.756950327 0.0 0.5858822766
971 254 12 0.417 -0.756950327 0.0 0.5858822766
972 255 11 -0.834 0.0 0.0 0.0
973 255 12 0.417 0.756950327 0.0 0.5858822766
974 255 12 0.417 -0.756950327 0.0 0.5858822766
975 256 11 -0.834 0.0 0.0 0.0
976 256 12 0.417 0.756950327 0.0 0.5858822766
977 256 12 0.417 -0.756950327 0.0 0.5858822766
978 257 11 -0.834 0.0 0.0 0.0
979 257 12 0.417 0.756950327 0.0 0.5858822766
980 257 12 0.417 -0.756950327 0.0 0.5858822766
981 258 11 -0.834 0.0 0.0 0.0
982 258 12 0.417 0.756950327 0.0 0.5858822766
983 258 12 0.417 -0.756950327 0.0 0.5858822766
984 259 11 -0.834 0.0 0.0 0.0
985 259 12 0.417 0.756950327 0.0 0.5858822766
986 259 12 0.417 -0.756950327 0.0 0.5858822766
987 260 11 -0.834 0.0 0.0 0.0
988 260 12 0.417 0.756950327 0.0 0.5858822766
989 260 12 0.417 -0.756950327 0.0 0.5858822766
990 261 11 -0.834 0.0 0.0 0.0
991 261 12 0.417 0.756950327 0.0 0.5858822766
992 261 12 0.417 -0.756950327 0.0 0.5858822766
993 262 11 -0.834 0.0 0.0 0.0
994 262 12 0.417 0.756950327 0.0 0.5858822766
995 262 12 0.417 -0.756950327 0.0 0.5858822766
996 263 11 -0.834 0.0 0.0 0.0
997 263 12 0.417 0.756950327 0.0 0.5858822766
998 263 12 0.417 -0.756950327 0.0 0.5858822766
999 264 11 -0.834 0.0 0.0 0.0
1000 264 12 0.417 0.756950327 0.0 0.5858822766
1001 264 12 0.417 -0.756950327 0.0 0.5858822766
1002 265 11 -0.834 0.0 0.0 0.0
1003 265 12 0.417 0.756950327 0.0 0.5858822766
1004 265 12 0.417 -0.756950327 0.0 0.5858822766
1005 266 11 -0.834 0.0 0.0 0.0
1006 266 12 0.417 0.756950327 0.0 0.5858822766
1007 266 12 0.417 -0.756950327 0.0 0.5858822766
1008 267 11 -0.834 0.0 0.0 0.0
1009 267 12 0.417 0.756950327 0.0 0.5858822766
1010 267 12 0.417 -0.756950327 0.0 0.5858822766
1011 268 11 -0.834 0.0 0.0 0.0
1012 268 12 0.417 0.756950327 0.0 0.5858822766
1013 268 12 0.417 -0.756950327 0.0 0.5858822766
1014 269 11 -0.834 0.0 0.0 0.0
1015 269 12 0.417 0.756950327 0.0 0.5858822766
1016 269 12 0.417 -0.756950327 0.0 0.5858822766
1017 270 11 -0.834 0.0 0.0 0.0
1018 270 12 0.417 0.756950327 0.0 0.5858822766
1019 270 12 0.417 -0.756950327 0.0 0.5858822766
1020 271 11 -0.834 0.0 0.0 0.0
1021 271 12 0.417 0.756950327 0.0 0.5858822766
1022 271 12 0.417 -0.756950327 0.0 0.5858822766
1023 272 11 -0.834 0.0 0.0 0.0
1024 272 12 0.417 0.756950327 0.0 0.5858822766
1025 272 12 0.417 -0.756950327 0.0 0.5858822766
1026 273 11 -0.834 0.0 0.0 0.0
1027 273 12 0.417 0.756950327 0.0 0.5858822766
1028 273 12 0.417 -0.756950327 0.0 0.5858822766
1029 274 11 -0.834 0.0 0.0 0.0
1030 274 12 0.417 0.756950327 0.0 0.5858822766
1031 274 12 0.417 -0.756950327 0.0 0.5858822766
1032 275 11 -0.834 0.0 0.0 0.0
1033 275 12 0.417 0.756950327 0.0 0.5858822766
1034 275 12 0.417 -0.756950327 0.0 0.5858822766
1035 276 11 -0.834 0.0 0.0 0.0
1036 276 12 0.417 0.756950327 0.0 0.5858822766
1037 276 12 0.417 -0.756950327 0.0 0.5858822766
1038 277 11 -0.834 0.0 0.0 0.0
1039 277 12 0.417 0.756950327 0.0 0.5858822766
1040 277 12 0.417 -0.756950327 0.0 0.5858822766
1041 278 11 -0.834 0.0 0.0 0.0
1042 278 12 0.417 0.756950327 0.0 0.5858822766
1043 278 12 0.417 -0.756950327 0.0 0.5858822766
1044 279 11 -0.834 0.0 0.0 0.0
1045 279 12 0.417 0.756950327 0.0 0.5858822766
1046 279 12 0.417 -0.756950327 0.0 0.5858822766
1047 280 11 -0.834 0.0 0.0 0.0
1048 280 12 0.417 0.756950327 0.0 0.5858822766
1049 280 12 0.417 -0.756950327 0.0 0.5858822766
1050 281 11 -0.834 0.0 0.0 0.0
1051 281 12 0.417 0.756950327 0.0 0.5858822766
1052 281 12 0.417 -0.756950327 0.0 0.5858822766
1053 282 11 -0.834 0.0 0.0 0.0
1054 282 12 0.417 0.756950327 0.0 0.5858822766
1055 282 12 0.417 -0.756950327 0.0 0.5858822766
1056 283 11 -0.834 0.0 0.0 0.0
1057 283 12 0.417 0.756950327 0.0 0.5858822766
1058 283 12 0.417 -0.756950327 0.0 0.5858822766
1059 284 11 -0.834 0.0 0.0 0.0
1060 284 12 0.417 0.756950327 0.0 0.5858822766
1061 284 12 0.417 -0.756950327 0.0 0.5858822766
1062 285 11 -0.834 0.0 0.0 0.0
1063 285 12 0.417 0.756950327 0.0 0.5858822766
1064 285 12 0.417 -0.756950327 0.0 0.5858822766
1065 286 11 -0.834 0.0 0.0 0.0
1066 286 12 0.417 0.756950327 0.0 0.5858822766
1067 286 12 0.417 -0.756950327 0.0 0.5858822766
1068 287 11 -0.834 0.0 0.0 0.0
1069 287 12 0.417 0.756950327 0.0 0.5858822766
1070 287 12 0.417 -0.756950327 0.0 0.5858822766
1071 288 11 -0.834 0.0 0.0 0.0
1072 288 12 0.417 0.756950327 0.0 0.5858822766
1073 288 12 0.417 -0.756950327 0.0 0.5858822766
1074 289 11 -0.834 0.0 0.0 0.0
1075 289 12 0.417 0.756950327 0.0 0.5858822766
1076 289 12 0.417 -0.756950327 0.0 0.5858822766
1077 290 11 -0.834 0.0 0.0 0.0
1078 290 12 0.417 0.756950327 0.0 0.5858822766
1079 290 12 0.417 -0.756950327 0.0 0.5858822766
1080 291 11 -0.834 0.0 0.0 0.0
1081 291 12 0.417 0.756950327 0.0 0.5858822766
1082 291 12 0.417 -0.756950327 0.0 0.5858822766
1083 292 11 -0.834 0.0 0.0 0.0
1084 292 12 0.417 0.756950327 0.0 0.5858822766
1085 292 12 0.417 -0.756950327 0.0 0.5858822766
1086 293 11 -0.834 0.0 0.0 0.0
1087 293 12 0.417 0.756950327 0.0 0.5858822766
1088 293 12 0.417 -0.756950327 0.0 0.5858822766
1089 294 11 -0.834 0.0 0.0 0.0
1090 294 12 0.417 0.756950327 0.0 0.5858822766
1091 294 12 0.417 -0.756950327 0.0 0.5858822766
1092 295 11 -0.834 0.0 0.0 0.0
1093 295 12 0.417 0.756950327 0.0 0.5858822766
1094 295 12 0.417 -0.756950327 0.0 0.5858822766
1095 296 11 -0.834 0.0 0.0 0.0
1096 296 12 0.417 0.756950327 0.0 0.5858822766
1097 296 12 0.417 -0.756950327 0.0 0.5858822766
1098 297 11 -0.834 0.0 0.0 0.0
1099 297 12 0.417 0.756950327 0.0 0.5858822766
1100 297 12 0.417 -0.756950327 0.0 0.5858822766
1101 298 11 -0.834 0.0 0.0 0.0
1102 298 12 0.417 0.756950327 0.0 0.5858822766
1103 298 12 0.417 -0.756950327 0.0 0.5858822766
1104 299 11 -0.834 0.0 0.0 0.0
1105 299 12 0.417 0.756950327 0.0 0.5858822766
1106 299 12 0.417 -0.756950327 0.0 0.5858822766
1107 300 11 -0.834 0.0 0.0 0.0
1108 300 12 0.417 0.756950327 0.0 0.5858822766
1109 300 12 0.417 -0.756950327 0.0 0.5858822766
1110 301 11 -0.834 0.0 0.0 0.0
1111 301 12 0.417 0.756950327 0.0 0.5858822766
1112 301 12 0.417 -0.756950327 0.0 0.5858822766
1113 302 11 -0.834 0.0 0.0 0.0
1114 302 12 0.417 0.756950327 0.0 0.5858822766
1115 302 12 0.417 -0.756950327 0.0 0.5858822766
1116 303 11 -0.834 0.0 0.0 0.0
1117 303 12 0.417 0.756950327 0.0 0.5858822766
1118 303 12 0.417 -0.756950327 0.0 0.5858822766
1119 304 11 -0.834 0.0 0.0 0.0
1120 304 12 0.417 0.756950327 0.0 0.5858822766
1121 304 12 0.417 -0.756950327 0.0 0.5858822766
1122 305 11 -0.834 0.0 0.0 0.0
1123 305 12 0.417 0.756950327 0.0 0.5858822766
1124 305 12 0.417 -0.756950327 0.0 0.5858822766
1125 306 11 -0.834 0.0 0.0 0.0
1126 306 12 0.417 0.756950327 0.0 0.5858822766
1127 306 12 0.417 -0.756950327 0.0 0.5858822766
1128 307 11 -0.834 0.0 0.0 0.0
1129 307 12 0.417 0.756950327 0.0 0.5858822766
1130 307 12 0.417 -0.756950327 0.0 0.5858822766
1131 308 11 -0.834 0.0 0.0 0.0
1132 308 12 0.417 0.756950327 0.0 0.5858822766
1133 308 12 0.417 -0.756950327 0.0 0.5858822766
1134 309 11 -0.834 0.0 0.0 0.0
1135 309 12 0.417 0.756950327 0.0 0.5858822766
1136 309 12 0.417 -0.756950327 0.0 0.5858822766
1137 310 11 -0.834 0.0 0.0 0.0
1138 310 12 0.417 0.756950327 0.0 0.5858822766
1139 310 12 0.417 -0.756950327 0.0 0.5858822766
1140 311 11 -0.834 0.0 0.0 0.0
1141 311 12 0.417 0.756950327 0.0 0.5858822766
1142 311 12 0.417 -0.756950327 0.0 0.5858822766
1143 312 11 -0.834 0.0 0.0 0.0
1144 312 12 0.417 0.756950327 0.0 0.5858822766
1145 312 12 0.417 -0.756950327 0.0 0.5858822766
1146 313 11 -0.834 0.0 0.0 0.0
1147 313 12 0.417 0.756950327 0.0 0.5858822766
1148 313 12 0.417 -0.756950327 0.0 0.5858822766
1149 314 11 -0.834 0.0 0.0 0.0
1150 314 12 0.417 0.756950327 0.0 0.5858822766
1151 314 12 0.417 -0.756950327 0.0 0.5858822766
1152 315 11 -0.834 0.0 0.0 0.0
1153 315 12 0.417 0.756950327 0.0 0.5858822766
1154 315 12 0.417 -0.756950327 0.0 0.5858822766
1155 316 11 -0.834 0.0 0.0 0.0
1156 316 12 0.417 0.756950327 0.0 0.5858822766
1157 316 12 0.417 -0.756950327 0.0 0.5858822766
1158 317 11 -0.834 0.0 0.0 0.0
1159 317 12 0.417 0.756950327 0.0 0.5858822766
1160 317 12 0.417 -0.756950327 0.0 0.5858822766
1161 318 11 -0.834 0.0 0.0 0.0
1162 318 12 0.417 0.756950327 0.0 0.5858822766
1163 318 12 0.417 -0.756950327 0.0 0.5858822766
1164 319 11 -0.834 0.0 0.0 0.0
1165 319 12 0.417 0.756950327 0.0 0.5858822766
1166 319 12 0.417 -0.756950327 0.0 0.5858822766
1167 320 11 -0.834 0.0 0.0 0.0
1168 320 12 0.417 0.756950327 0.0 0.5858822766
1169 320 12 0.417 -0.756950327 0.0 0.5858822766
1170 321 11 -0.834 0.0 0.0 0.0
1171 321 12 0.417 0.756950327 0.0 0.5858822766
1172 321 12 0.417 -0.756950327 0.0 0.5858822766
1173 322 11 -0.834 0.0 0.0 0.0
1174 322 12 0.417 0.756950327 0.0 0.5858822766
1175 322 12 0.417 -0.756950327 0.0 0.5858822766
1176 323 11 -0.834 0.0 0.0 0.0
1177 323 12 0.417 0.756950327 0.0 0.5858822766
1178 323 12 0.417 -0.756950327 0.0 0.5858822766
1179 324 11 -0.834 0.0 0.0 0.0
1180 324 12 0.417 0.756950327 0.0 0.5858822766
1181 324 12 0.417 -0.756950327 0.0 0.5858822766
1182 325 11 -0.834 0.0 0.0 0.0
1183 325 12 0.417 0.756950327 0.0 0.5858822766
1184 325 12 0.417 -0.756950327 0.0 0.5858822766
1185 326 11 -0.834 0.0 0.0 0.0
1186 326 12 0.417 0.756950327 0.0 0.5858822766
1187 326 12 0.417 -0.756950327 0.0 0.5858822766
1188 327 11 -0.834 0.0 0.0 0.0
1189 327 12 0.417 0.756950327 0.0 0.5858822766
1190 327 12 0.417 -0.756950327 0.0 0.5858822766
1191 328 11 -0.834 0.0 0.0 0.0
1192 328 12 0.417 0.756950327 0.0 0.5858822766
1193 328 12 0.417 -0.756950327 0.0 0.5858822766
1194 329 11 -0.834 0.0 0.0 0.0
1195 329 12 0.417 0.756950327 0.0 0.5858822766
1196 329 12 0.417 -0.756950327 0.0 0.5858822766
1197 330 11 -0.834 0.0 0.0 0.0
1198 330 12 0.417 0.756950327 0.0 0.5858822766
1199 330 12 0.417 -0.756950327 0.0 0.5858822766
1200 331 11 -0.834 0.0 0.0 0.0
1201 331 12 0.417 0.756950327 0.0 0.5858822766
1202 331 12 0.417 -0.756950327 0.0 0.5858822766
1203 332 11 -0.834 0.0 0.0 0.0
1204 332 12 0.417 0.756950327 0.0 0.5858822766
1205 332 12 0.417 -0.756950327 0.0 0.5858822766
1206 333 11 -0.834 0.0 0.0 0.0
1207 333 12 0.417 0.756950327 0.0 0.5858822766
1208 333 12 0.417 -0.756950327 0.0 0.5858822766
1209 334 11 -0.834 0.0 0.0 0.0
1210 334 12 0.417 0.756950327 0.0 0.5858822766
1211 334 12 0.417 -0.756950327 0.0 0.5858822766
1212 335 11 -0.834 0.0 0.0 0.0
1213 335 12 0.417 0.756950327 0.0 0.5858822766
1214 335 12 0.417 -0.756950327 0.0 0.5858822766
1215 336 11 -0.834 0.0 0.0 0.0
1216 336 12 0.417 0.756950327 0.0 0.5858822766
1217 336 12 0.417 -0.756950327 0.0 0.5858822766
1218 337 11 -0.834 0.0 0.0 0.0
1219 337 12 0.417 0.756950327 0.0 0.5858822766
1220 337 12 0.417 -0.756950327 0.0 0.5858822766
1221 338 11 -0.834 0.0 0.0 0.0
1222 338 12 0.417 0.756950327 0.0 0.5858822766
1223 338 12 0.417 -0.756950327 0.0 0.5858822766
1224 339 11 -0.834 0.0 0.0 0.0
1225 339 12 0.417 0.756950327 0.0 0.5858822766
1226 339 12 0.417 -0.756950327 0.0 0.5858822766
1227 340 11 -0.834 0.0 0.0 0.0
1228 340 12 0.417 0.756950327 0.0 0.5858822766
1229 340 12 0.417 -0.756950327 0.0 0.5858822766
1230 341 11 -0.834 0.0 0.0 0.0
1231 341 12 0.417 0.756950327 0.0 0.5858822766
1232 341 12 0.417 -0.756950327 0.0 0.5858822766
1233 342 11 -0.834 0.0 0.0 0.0
1234 342 12 0.417 0.756950327 0.0 0.5858822766
1235 342 12 0.417 -0.756950327 0.0 0.5858822766
1236 343 11 -0.834 0.0 0.0 0.0
1237 343 12 0.417 0.756950327 0.0 0.5858822766
1238 343 12 0.417 -0.756950327 0.0 0.5858822766
1239 344 11 -0.834 0.0 0.0 0.0
1240 344 12 0.417 0.756950327 0.0 0.5858822766
1241 344 12 0.417 -0.756950327 0.0 0.5858822766
1242 345 11 -0.834 0.0 0.0 0.0
1243 345 12 0.417 0.756950327 0.0 0.5858822766
1244 345 12 0.417 -0.756950327 0.0 0.5858822766
1245 346 11 -0.834 0.0 0.0 0.0
1246 346 12 0.417 0.756950327 0.0 0.5858822766
1247 346 12 0.417 -0.756950327 0.0 0.5858822766
1248 347 11 -0.834 0.0 0.0 0.0
1249 347 12 0.417 0.756950327 0.0 0.5858822766
1250 347 12 0.417 -0.756950327 0.0 0.5858822766
1251 348 11 -0.834 0.0 0.0 0.0
1252 348 12 0.417 0.756950327 0.0 0.5858822766
1253 348 12 0.417 -0.756950327 0.0 0.5858822766
1254 349 11 -0.834 0.0 0.0 0.0
1255 349 12 0.417 0.756950327 0.0 0.5858822766
1256 349 12 0.417 -0.756950327 0.0 0.5858822766
1257 350 11 -0.834 0.0 0.0 0.0
1258 350 12 0.417 0.756950327 0.0 0.5858822766
1259 350 12 0.417 -0.756950327 0.0 0.5858822766
1260 351 11 -0.834 0.0 0.0 0.0
1261 351 12 0.417 0.756950327 0.0 0.5858822766
1262 351 12 0.417 -0.756950327 0.0 0.5858822766
1263 352 11 -0.834 0.0 0.0 0.0
1264 352 12 0.417 0.756950327 0.0 0.5858822766
1265 352 12 0.417 -0.756950327 0.0 0.5858822766
1266 353 11 -0.834 0.0 0.0 0.0
1267 353 12 0.417 0.756950327 0.0 0.5858822766
1268 353 12 0.417 -0.756950327 0.0 0.5858822766
1269 354 11 -0.834 0.0 0.0 0.0
1270 354 12 0.417 0.756950327 0.0 0.5858822766
1271 354 12 0.417 -0.756950327 0.0 0.5858822766
1272 355 11 -0.834 0.0 0.0 0.0
1273 355 12 0.417 0.756950327 0.0 0.5858822766
1274 355 12 0.417 -0.756950327 0.0 0.5858822766
1275 356 11 -0.834 0.0 0.0 0.0
1276 356 12 0.417 0.756950327 0.0 0.5858822766
1277 356 12 0.417 -0.756950327 0.0 0.5858822766
1278 357 11 -0.834 0.0 0.0 0.0
1279 357 12 0.417 0.756950327 0.0 0.5858822766
1280 357 12 0.417 -0.756950327 0.0 0.5858822766
1281 358 11 -0.834 0.0 0.0 0.0
1282 358 12 0.417 0.756950327 0.0 0.5858822766
1283 358 12 0.417 -0.756950327 0.0 0.5858822766
1284 359 11 -0.834 0.0 0.0 0.0
1285 359 12 0.417 0.756950327 0.0 0.5858822766
1286 359 12 0.417 -0.756950327 0.0 0.5858822766
1287 360 11 -0.834 0.0 0.0 0.0
1288 360 12 0.417 0.756950327 0.0 0.5858822766
1289 360 12 0.417 -0.756950327 0.0 0.5858822766
1290 361 11 -0.834 0.0 0.0 0.0
1291 361 12 0.417 0.756950327 0.0 0.5858822766
1292 361 12 0.417 -0.756950327 0.0 0.5858822766
1293 362 11 -0.834 0.0 0.0 0.0
1294 362 12 0.417 0.756950327 0.0 0.5858822766
1295 362 12 0.417 -0.756950327 0.0 0.5858822766
1296 363 11 -0.834 0.0 0.0 0.0
1297 363 12 0.417 0.756950327 0.0 0.5858822766
1298 363 12 0.417 -0.756950327 0.0 0.5858822766
1299 364 11 -0.834 0.0 0.0 0.0
1300 364 12 0.417 0.756950327 0.0 0.5858822766
1301 364 12 0.417 -0.756950327 0.0 0.5858822766
1302 365 11 -0.834 0.0 0.0 0.0
1303 365 12 0.417 0.756950327 0.0 0.5858822766
1304 365 12 0.417 -0.756950327 0.0 0.5858822766
1305 366 11 -0.834 0.0 0.0 0.0
1306 366 12 0.417 0.756950327 0.0 0.5858822766
1307 366 12 0.417 -0.756950327 0.0 0.5858822766
1308 367 11 -0.834 0.0 0.0 0.0
1309 367 12 0.417 0.756950327 0.0 0.5858822766
1310 367 12 0.417 -0.756950327 0.0 0.5858822766
1311 368 11 -0.834 0.0 0.0 0.0
1312 368 12 0.417 0.756950327 0.0 0.5858822766
1313 368 12 0.417 -0.756950327 0.0 0.5858822766
1314 369 11 -0.834 0.0 0.0 0.0
1315 369 12 0.417 0.756950327 0.0 0.5858822766
1316 369 12 0.417 -0.756950327 0.0 0.5858822766
1317 370 11 -0.834 0.0 0.0 0.0
1318 370 12 0.417 0.756950327 0.0 0.5858822766
1319 370 12 0.417 -0.756950327 0.0 0.5858822766
1320 371 11 -0.834 0.0 0.0 0.0
1321 371 12 0.417 0.756950327 0.0 0.5858822766
1322 371 12 0.417 -0.756950327 0.0 0.5858822766
1323 372 11 -0.834 0.0 0.0 0.0
1324 372 12 0.417 0.756950327 0.0 0.5858822766
1325 372 12 0.417 -0.756950327 0.0 0.5858822766
1326 373 11 -0.834 0.0 0.0 0.0
1327 373 12 0.417 0.756950327 0.0 0.5858822766
1328 373 12 0.417 -0.756950327 0.0 0.5858822766
1329 374 11 -0.834 0.0 0.0 0.0
1330 374 12 0.417 0.756950327 0.0 0.5858822766
1331 374 12 0.417 -0.756950327 0.0 0.5858822766
1332 375 11 -0.834 0.0 0.0 0.0
1333 375 12 0.417 0.756950327 0.0 0.5858822766
1334 375 12 0.417 -0.756950327 0.0 0.5858822766
1335 376 11 -0.834 0.0 0.0 0.0
1336 376 12 0.417 0.756950327 0.0 0.5858822766
1337 376 12 0.417 -0.756950327 0.0 0.5858822766
1338 377 11 -0.834 0.0 0.0 0.0
1339 377 12 0.417 0.756950327 0.0 0.5858822766
1340 377 12 0.417 -0.756950327 0.0 0.5858822766
1341 378 11 -0.834 0.0 0.0 0.0
1342 378 12 0.417 0.756950327 0.0 0.5858822766
1343 378 12 0.417 -0.756950327 0.0 0.5858822766
1344 379 11 -0.834 0.0 0.0 0.0
1345 379 12 0.417 0.756950327 0.0 0.5858822766
1346 379 12 0.417 -0.756950327 0.0 0.5858822766
1347 380 11 -0.834 0.0 0.0 0.0
1348 380 12 0.417 0.756950327 0.0 0.5858822766
1349 380 12 0.417 -0.756950327 0.0 0.5858822766
1350 381 11 -0.834 0.0 0.0 0.0
1351 381 12 0.417 0.756950327 0.0 0.5858822766
1352 381 12 0.417 -0.756950327 0.0 0.5858822766
1353 382 11 -0.834 0.0 0.0 0.0
1354 382 12 0.417 0.756950327 0.0 0.5858822766
1355 382 12 0.417 -0.756950327 0.0 0.5858822766
1356 383 11 -0.834 0.0 0.0 0.0
1357 383 12 0.417 0.756950327 0.0 0.5858822766
1358 383 12 0.417 -0.756950327 0.0 0.5858822766
1359 384 11 -0.834 0.0 0.0 0.0
1360 384 12 0.417 0.756950327 0.0 0.5858822766
1361 384 12 0.417 -0.756950327 0.0 0.5858822766
1362 385 11 -0.834 0.0 0.0 0.0
1363 385 12 0.417 0.756950327 0.0 0.5858822766
1364 385 12 0.417 -0.756950327 0.0 0.5858822766
1365 386 11 -0.834 0.0 0.0 0.0
1366 386 12 0.417 0.756950327 0.0 0.5858822766
1367 386 12 0.417 -0.756950327 0.0 0.5858822766
1368 387 11 -0.834 0.0 0.0 0.0
1369 387 12 0.417 0.756950327 0.0 0.5858822766
1370 387 12 0.417 -0.756950327 0.0 0.5858822766
1371 388 11 -0.834 0.0 0.0 0.0
1372 388 12 0.417 0.756950327 0.0 0.5858822766
1373 388 12 0.417 -0.756950327 0.0 0.5858822766
1374 389 11 -0.834 0.0 0.0 0.0
1375 389 12 0.417 0.756950327 0.0 0.5858822766
1376 389 12 0.417 -0.756950327 0.0 0.5858822766
1377 390 11 -0.834 0.0 0.0 0.0
1378 390 12 0.417 0.756950327 0.0 0.5858822766
1379 390 12 0.417 -0.756950327 0.0 0.5858822766
1380 391 11 -0.834 0.0 0.0 0.0
1381 391 12 0.417 0.756950327 0.0 0.5858822766
1382 391 12 0.417 -0.756950327 0.0 0.5858822766
1383 392 11 -0.834 0.0 0.0 0.0
1384 392 12 0.417 0.756950327 0.0 0.5858822766
1385 392 12 0.417 -0.756950327 0.0 0.5858822766
1386 393 11 -0.834 0.0 0.0 0.0
1387 393 12 0.417 0.756950327 0.0 0.5858822766
1388 393 12 0.417 -0.756950327 0.0 0.5858822766
1389 394 11 -0.834 0.0 0.0 0.0
1390 394 12 0.417 0.756950327 0.0 0.5858822766
1391 394 12 0.417 -0.756950327 0.0 0.5858822766
1392 395 11 -0.834 0.0 0.0 0.0
1393 395 12 0.417 0.756950327 0.0 0.5858822766
1394 395 12 0.417 -0.756950327 0.0 0.5858822766
1395 396 11 -0.834 0.0 0.0 0.0
1396 396 12 0.417 0.756950327 0.0 0.5858822766
1397 396 12 0.417 -0.756950327 0.0 0.5858822766
1398 397 11 -0.834 0.0 0.0 0.0
1399 397 12 0.417 0.756950327 0.0 0.5858822766
1400 397 12 0.417 -0.756950327 0.0 0.5858822766
1401 398 11 -0.834 0.0 0.0 0.0
1402 398 12 0.417 0.756950327 0.0 0.5858822766
1403 398 12 0.417 -0.756950327 0.0 0.5858822766
1404 399 11 -0.834 0.0 0.0 0.0
1405 399 12 0.417 0.756950327 0.0 0.5858822766
1406 399 12 0.417 -0.756950327 0.0 0.5858822766
1407 400 11 -0.834 0.0 0.0 0.0
1408 400 12 0.417 0.756950327 0.0 0.5858822766
1409 400 12 0.417 -0.756950327 0.0 0.5858822766
1410 401 11 -0.834 0.0 0.0 0.0
1411 401 12 0.417 0.756950327 0.0 0.5858822766
1412 401 12 0.417 -0.756950327 0.0 0.5858822766
1413 402 11 -0.834 0.0 0.0 0.0
1414 402 12 0.417 0.756950327 0.0 0.5858822766
1415 402 12 0.417 -0.756950327 0.0 0.5858822766
1416 403 11 -0.834 0.0 0.0 0.0
1417 403 12 0.417 0.756950327 0.0 0.5858822766
1418 403 12 0.417 -0.756950327 0.0 0.5858822766
1419 404 11 -0.834 0.0 0.0 0.0
1420 404 12 0.417 0.756950327 0.0 0.5858822766
1421 404 12 0.417 -0.756950327 0.0 0.5858822766
1422 405 11 -0.834 0.0 0.0 0.0
1423 405 12 0.417 0.756950327 0.0 0.5858822766
1424 405 12 0.417 -0.756950327 0.0 0.5858822766
1425 406 11 -0.834 0.0 0.0 0.0
1426 406 12 0.417 0.756950327 0.0 0.5858822766
1427 406 12 0.417 -0.756950327 0.0 0.5858822766
1428 407 11 -0.834 0.0 0.0 0.0
1429 407 12 0.417 0.756950327 0.0 0.5858822766
1430 407 12 0.417 -0.756950327 0.0 0.5858822766
1431 408 11 -0.834 0.0 0.0 0.0
1432 408 12 0.417 0.756950327 0.0 0.5858822766
1433 408 12 0.417 -0.756950327 0.0 0.5858822766
1434 409 11 -0.834 0.0 0.0 0.0
1435 409 12 0.417 0.756950327 0.0 0.5858822766
1436 409 12 0.417 -0.756950327 0.0 0.5858822766
1437 410 11 -0.834 0.0 0.0 0.0
1438 410 12 0.417 0.756950327 0.0 0.5858822766
1439 410 12 0.417 -0.756950327 0.0 0.5858822766
1440 411 11 -0.834 0.0 0.0 0.0
1441 411 12 0.417 0.756950327 0.0 0.5858822766
1442 411 12 0.417 -0.756950327 0.0 0.5858822766
1443 412 11 -0.834 0.0 0.0 0.0
1444 412 12 0.417 0.756950327 0.0 0.5858822766
1445 412 12 0.417 -0.756950327 0.0 0.5858822766
1446 413 11 -0.834 0.0 0.0 0.0
1447 413 12 0.417 0.756950327 0.0 0.5858822766
1448 413 12 0.417 -0.756950327 0.0 0.5858822766
1449 414 11 -0.834 0.0 0.0 0.0
1450 414 12 0.417 0.756950327 0.0 0.5858822766
1451 414 12 0.417 -0.756950327 0.0 0.5858822766
1452 415 11 -0.834 0.0 0.0 0.0
1453 415 12 0.417 0.756950327 0.0 0.5858822766
1454 415 12 0.417 -0.756950327 0.0 0.5858822766
1455 416 11 -0.834 0.0 0.0 0.0
1456 416 12 0.417 0.756950327 0.0 0.5858822766
1457 416 12 0.417 -0.756950327 0.0 0.5858822766
1458 417 11 -0.834 0.0 0.0 0.0
1459 417 12 0.417 0.756950327 0.0 0.5858822766
1460 417 12 0.417 -0.756950327 0.0 0.5858822766
1461 418 11 -0.834 0.0 0.0 0.0
1462 418 12 0.417 0.756950327 0.0 0.5858822766
1463 418 12 0.417 -0.756950327 0.0 0.5858822766
1464 419 11 -0.834 0.0 0.0 0.0
1465 419 12 0.417 0.756950327 0.0 0.5858822766
1466 419 12 0.417 -0.756950327 0.0 0.5858822766
1467 420 11 -0.834 0.0 0.0 0.0
1468 420 12 0.417 0.756950327 0.0 0.5858822766
1469 420 12 0.417 -0.756950327 0.0 0.5858822766
1470 421 11 -0.834 0.0 0.0 0.0
1471 421 12 0.417 0.756950327 0.0 0.5858822766
1472 421 12 0.417 -0.756950327 0.0 0.5858822766
1473 422 11 -0.834 0.0 0.0 0.0
1474 422 12 0.417 0.756950327 0.0 0.5858822766
1475 422 12 0.417 -0.756950327 0.0 0.5858822766
1476 423 11 -0.834 0.0 0.0 0.0
1477 423 12 0.417 0.756950327 0.0 0.5858822766
1478 423 12 0.417 -0.756950327 0.0 0.5858822766
1479 424 11 -0.834 0.0 0.0 0.0
1480 424 12 0.417 0.756950327 0.0 0.5858822766
1481 424 12 0.417 -0.756950327 0.0 0.5858822766
1482 425 11 -0.834 0.0 0.0 0.0
1483 425 12 0.417 0.756950327 0.0 0.5858822766
1484 425 12 0.417 -0.756950327 0.0 0.5858822766
1485 426 11 -0.834 0.0 0.0 0.0
1486 426 12 0.417 0.756950327 0.0 0.5858822766
1487 426 12 0.417 -0.756950327 0.0 0.5858822766
1488 427 11 -0.834 0.0 0.0 0.0
1489 427 12 0.417 0.756950327 0.0 0.5858822766
1490 427 12 0.417 -0.756950327 0.0 0.5858822766
1491 428 11 -0.834 0.0 0.0 0.0
1492 428 12 0.417 0.756950327 0.0 0.5858822766
1493 428 12 0.417 -0.756950327 0.0 0.5858822766
1494 429 11 -0.834 0.0 0.0 0.0
1495 429 12 0.417 0.756950327 0.0 0.5858822766
1496 429 12 0.417 -0.756950327 0.0 0.5858822766
1497 430 11 -0.834 0.0 0.0 0.0
1498 430 12 0.417 0.756950327 0.0 0.5858822766
1499 430 12 0.417 -0.756950327 0.0 0.5858822766
1500 431 11 -0.834 0.0 0.0 0.0
1501 431 12 0.417 0.756950327 0.0 0.5858822766
1502 431 12 0.417 -0.756950327 0.0 0.5858822766
1503 432 11 -0.834 0.0 0.0 0.0
1504 432 12 0.417 0.756950327 0.0 0.5858822766
1505 432 12 0.417 -0.756950327 0.0 0.5858822766
1506 433 11 -0.834 0.0 0.0 0.0
1507 433 12 0.417 0.756950327 0.0 0.5858822766
1508 433 12 0.417 -0.756950327 0.0 0.5858822766
1509 434 11 -0.834 0.0 0.0 0.0
1510 434 12 0.417 0.756950327 0.0 0.5858822766
1511 434 12 0.417 -0.756950327 0.0 0.5858822766
1512 435 11 -0.834 0.0 0.0 0.0
1513 435 12 0.417 0.756950327 0.0 0.5858822766
1514 435 12 0.417 -0.756950327 0.0 0.5858822766
1515 436 11 -0.834 0.0 0.0 0.0
1516 436 12 0.417 0.756950327 0.0 0.5858822766
1517 436 12 0.417 -0.756950327 0.0 0.5858822766
1518 437 11 -0.834 0.0 0.0 0.0
1519 437 12 0.417 0.756950327 0.0 0.5858822766
1520 437 12 0.417 -0.756950327 0.0 0.5858822766
1521 438 11 -0.834 0.0 0.0 0.0
1522 438 12 0.417 0.756950327 0.0 0.5858822766
1523 438 12 0.417 -0.756950327 0.0 0.5858822766
1524 439 11 -0.834 0.0 0.0 0.0
1525 439 12 0.417 0.756950327 0.0 0.5858822766
1526 439 12 0.417 -0.756950327 0.0 0.5858822766
1527 440 11 -0.834 0.0 0.0 0.0
1528 440 12 0.417 0.756950327 0.0 0.5858822766
1529 440 12 0.417 -0.756950327 0.0 0.5858822766
1530 441 11 -0.834 0.0 0.0 0.0
1531 441 12 0.417 0.756950327 0.0 0.5858822766
1532 441 12 0.417 -0.756950327 0.0 0.5858822766
1533 442 11 -0.834 0.0 0.0 0.0
1534 442 12 0.417 0.756950327 0.0 0.5858822766
1535 442 12 0.417 -0.756950327 0.0 0.5858822766
1536 443 13 -0.168263 0.511 -0.734 1.083
1537 443 14 -0.168263 1.431 0.878 -0.022
1538 443 15 -0.168263 0.563 -0.766 -1.079
1539 443 16 -0.642765 -1.995 -0.152 0.031
1540 443 17 0.045910 -0.921 0.77 -0.03
1541 443 18 0.405083 0.415 0.018 -0.013
1542 443 19 0.136466 -0.971 1.447 0.824
1543 443 20 0.136466 -1.003 1.379 -0.931
1544 443 21 0.423629 -1.668 -0.95 0.427
1545 444 13 -0.168263 0.511 -0.734 1.083
1546 444 14 -0.168263 1.431 0.878 -0.022
1547 444 15 -0.168263 0.563 -0.766 -1.079
1548 444 16 -0.642765 -1.995 -0.152 0.031
1549 444 17 0.045910 -0.921 0.77 -0.03
1550 444 18 0.405083 0.415 0.018 -0.013
1551 444 19 0.136466 -0.971 1.447 0.824
1552 444 20 0.136466 -1.003 1.379 -0.931
1553 444 21 0.423629 -1.668 -0.95 0.427
1554 445 13 -0.168263 0.511 -0.734 1.083
1555 445 14 -0.168263 1.431 0.878 -0.022
1556 445 15 -0.168263 0.563 -0.766 -1.079
1557 445 16 -0.642765 -1.995 -0.152 0.031
1558 445 17 0.045910 -0.921 0.77 -0.03
1559 445 18 0.405083 0.415 0.018 -0.013
1560 445 19 0.136466 -0.971 1.447 0.824
1561 445 20 0.136466 -1.003 1.379 -0.931
1562 445 21 0.423629 -1.668 -0.95 0.427
1563 446 13 -0.168263 0.511 -0.734 1.083
1564 446 14 -0.168263 1.431 0.878 -0.022
1565 446 15 -0.168263 0.563 -0.766 -1.079
1566 446 16 -0.642765 -1.995 -0.152 0.031
1567 446 17 0.045910 -0.921 0.77 -0.03
1568 446 18 0.405083 0.415 0.018 -0.013
1569 446 19 0.136466 -0.971 1.447 0.824
1570 446 20 0.136466 -1.003 1.379 -0.931
1571 446 21 0.423629 -1.668 -0.95 0.427
1572 447 13 -0.168263 0.511 -0.734 1.083
1573 447 14 -0.168263 1.431 0.878 -0.022
1574 447 15 -0.168263 0.563 -0.766 -1.079
1575 447 16 -0.642765 -1.995 -0.152 0.031
1576 447 17 0.045910 -0.921 0.77 -0.03
1577 447 18 0.405083 0.415 0.018 -0.013
1578 447 19 0.136466 -0.971 1.447 0.824
1579 447 20 0.136466 -1.003 1.379 -0.931
1580 447 21 0.423629 -1.668 -0.95 0.427
1581 448 13 -0.168263 0.511 -0.734 1.083
1582 448 14 -0.168263 1.431 0.878 -0.022
1583 448 15 -0.168263 0.563 -0.766 -1.079
1584 448 16 -0.642765 -1.995 -0.152 0.031
1585 448 17 0.045910 -0.921 0.77 -0.03
1586 448 18 0.405083 0.415 0.018 -0.013
1587 448 19 0.136466 -0.971 1.447 0.824
1588 448 20 0.136466 -1.003 1.379 -0.931
1589 448 21 0.423629 -1.668 -0.95 0.427
1590 449 13 -0.168263 0.511 -0.734 1.083
1591 449 14 -0.168263 1.431 0.878 -0.022
1592 449 15 -0.168263 0.563 -0.766 -1.079
1593 449 16 -0.642765 -1.995 -0.152 0.031
1594 449 17 0.045910 -0.921 0.77 -0.03
1595 449 18 0.405083 0.415 0.018 -0.013
1596 449 19 0.136466 -0.971 1.447 0.824
1597 449 20 0.136466 -1.003 1.379 -0.931
1598 449 21 0.423629 -1.668 -0.95 0.427
1599 450 13 -0.168263 0.511 -0.734 1.083
1600 450 14 -0.168263 1.431 0.878 -0.022
1601 450 15 -0.168263 0.563 -0.766 -1.079
1602 450 16 -0.642765 -1.995 -0.152 0.031
1603 450 17 0.045910 -0.921 0.77 -0.03
1604 450 18 0.405083 0.415 0.018 -0.013
1605 450 19 0.136466 -0.971 1.447 0.824
1606 450 20 0.136466 -1.003 1.379 -0.931
1607 450 21 0.423629 -1.668 -0.95 0.427
1608 451 13 -0.168263 0.511 -0.734 1.083
1609 451 14 -0.168263 1.431 0.878 -0.022
1610 451 15 -0.168263 0.563 -0.766 -1.079
1611 451 16 -0.642765 -1.995 -0.152 0.031
1612 451 17 0.045910 -0.921 0.77 -0.03
1613 451 18 0.405083 0.415 0.018 -0.013
1614 451 19 0.136466 -0.971 1.447 0.824
1615 451 20 0.136466 -1.003 1.379 -0.931
1616 451 21 0.423629 -1.668 -0.95 0.427
1617 452 13 -0.168263 0.511 -0.734 1.083
1618 452 14 -0.168263 1.431 0.878 -0.022
1619 452 15 -0.168263 0.563 -0.766 -1.079
1620 452 16 -0.642765 -1.995 -0.152 0.031
1621 452 17 0.045910 -0.921 0.77 -0.03
1622 452 18 0.405083 0.415 0.018 -0.013
1623 452 19 0.136466 -0.971 1.447 0.824
1624 452 20 0.136466 -1.003 1.379 -0.931
1625 452 21 0.423629 -1.668 -0.95 0.427
1626 453 13 -0.168263 0.511 -0.734 1.083
1627 453 14 -0.168263 1.431 0.878 -0.022
1628 453 15 -0.168263 0.563 -0.766 -1.079
1629 453 16 -0.642765 -1.995 -0.152 0.031
1630 453 17 0.045910 -0.921 0.77 -0.03
1631 453 18 0.405083 0.415 0.018 -0.013
1632 453 19 0.136466 -0.971 1.447 0.824
1633 453 20 0.136466 -1.003 1.379 -0.931
1634 453 21 0.423629 -1.668 -0.95 0.427
1635 454 13 -0.168263 0.511 -0.734 1.083
1636 454 14 -0.168263 1.431 0.878 -0.022
1637 454 15 -0.168263 0.563 -0.766 -1.079
1638 454 16 -0.642765 -1.995 -0.152 0.031
1639 454 17 0.045910 -0.921 0.77 -0.03
1640 454 18 0.405083 0.415 0.018 -0.013
1641 454 19 0.136466 -0.971 1.447 0.824
1642 454 20 0.136466 -1.003 1.379 -0.931
1643 454 21 0.423629 -1.668 -0.95 0.427
1644 455 13 -0.168263 0.511 -0.734 1.083
1645 455 14 -0.168263 1.431 0.878 -0.022
1646 455 15 -0.168263 0.563 -0.766 -1.079
1647 455 16 -0.642765 -1.995 -0.152 0.031
1648 455 17 0.045910 -0.921 0.77 -0.03
1649 455 18 0.405083 0.415 0.018 -0.013
1650 455 19 0.136466 -0.971 1.447 0.824
1651 455 20 0.136466 -1.003 1.379 -0.931
1652 455 21 0.423629 -1.668 -0.95 0.427
1653 456 13 -0.168263 0.511 -0.734 1.083
1654 456 14 -0.168263 1.431 0.878 -0.022
1655 456 15 -0.168263 0.563 -0.766 -1.079
1656 456 16 -0.642765 -1.995 -0.152 0.031
1657 456 17 0.045910 -0.921 0.77 -0.03
1658 456 18 0.405083 0.415 0.018 -0.013
1659 456 19 0.136466 -0.971 1.447 0.824
1660 456 20 0.136466 -1.003 1.379 -0.931
1661 456 21 0.423629 -1.668 -0.95 0.427
1662 457 13 -0.168263 0.511 -0.734 1.083
1663 457 14 -0.168263 1.431 0.878 -0.022
1664 457 15 -0.168263 0.563 -0.766 -1.079
1665 457 16 -0.642765 -1.995 -0.152 0.031
1666 457 17 0.045910 -0.921 0.77 -0.03
1667 457 18 0.405083 0.415 0.018 -0.013
1668 457 19 0.136466 -0.971 1.447 0.824
1669 457 20 0.136466 -1.003 1.379 -0.931
1670 457 21 0.423629 -1.668 -0.95 0.427
1671 458 13 -0.168263 0.511 -0.734 1.083
1672 458 14 -0.168263 1.431 0.878 -0.022
1673 458 15 -0.168263 0.563 -0.766 -1.079
1674 458 16 -0.642765 -1.995 -0.152 0.031
1675 458 17 0.045910 -0.921 0.77 -0.03
1676 458 18 0.405083 0.415 0.018 -0.013
1677 458 19 0.136466 -0.971 1.447 0.824
1678 458 20 0.136466 -1.003 1.379 -0.931
1679 458 21 0.423629 -1.668 -0.95 0.427
1680 459 13 -0.168263 0.511 -0.734 1.083
1681 459 14 -0.168263 1.431 0.878 -0.022
1682 459 15 -0.168263 0.563 -0.766 -1.079
1683 459 16 -0.642765 -1.995 -0.152 0.031
1684 459 17 0.045910 -0.921 0.77 -0.03
1685 459 18 0.405083 0.415 0.018 -0.013
1686 459 19 0.136466 -0.971 1.447 0.824
1687 459 20 0.136466 -1.003 1.379 -0.931
1688 459 21 0.423629 -1.668 -0.95 0.427
1689 460 13 -0.168263 0.511 -0.734 1.083
1690 460 14 -0.168263 1.431 0.878 -0.022
1691 460 15 -0.168263 0.563 -0.766 -1.079
1692 460 16 -0.642765 -1.995 -0.152 0.031
1693 460 17 0.045910 -0.921 0.77 -0.03
1694 460 18 0.405083 0.415 0.018 -0.013
1695 460 19 0.136466 -0.971 1.447 0.824
1696 460 20 0.136466 -1.003 1.379 -0.931
1697 460 21 0.423629 -1.668 -0.95 0.427
1698 461 13 -0.168263 0.511 -0.734 1.083
1699 461 14 -0.168263 1.431 0.878 -0.022
1700 461 15 -0.168263 0.563 -0.766 -1.079
1701 461 16 -0.642765 -1.995 -0.152 0.031
1702 461 17 0.045910 -0.921 0.77 -0.03
1703 461 18 0.405083 0.415 0.018 -0.013
1704 461 19 0.136466 -0.971 1.447 0.824
1705 461 20 0.136466 -1.003 1.379 -0.931
1706 461 21 0.423629 -1.668 -0.95 0.427
1707 462 13 -0.168263 0.511 -0.734 1.083
1708 462 14 -0.168263 1.431 0.878 -0.022
1709 462 15 -0.168263 0.563 -0.766 -1.079
1710 462 16 -0.642765 -1.995 -0.152 0.031
1711 462 17 0.045910 -0.921 0.77 -0.03
1712 462 18 0.405083 0.415 0.018 -0.013
1713 462 19 0.136466 -0.971 1.447 0.824
1714 462 20 0.136466 -1.003 1.379 -0.931
1715 462 21 0.423629 -1.668 -0.95 0.427
1716 463 13 -0.168263 0.511 -0.734 1.083
1717 463 14 -0.168263 1.431 0.878 -0.022
1718 463 15 -0.168263 0.563 -0.766 -1.079
1719 463 16 -0.642765 -1.995 -0.152 0.031
1720 463 17 0.045910 -0.921 0.77 -0.03
1721 463 18 0.405083 0.415 0.018 -0.013
1722 463 19 0.136466 -0.971 1.447 0.824
1723 463 20 0.136466 -1.003 1.379 -0.931
1724 463 21 0.423629 -1.668 -0.95 0.427
1725 464 13 -0.168263 0.511 -0.734 1.083
1726 464 14 -0.168263 1.431 0.878 -0.022
1727 464 15 -0.168263 0.563 -0.766 -1.079
1728 464 16 -0.642765 -1.995 -0.152 0.031
1729 464 17 0.045910 -0.921 0.77 -0.03
1730 464 18 0.405083 0.415 0.018 -0.013
1731 464 19 0.136466 -0.971 1.447 0.824
1732 464 20 0.136466 -1.003 1.379 -0.931
1733 464 21 0.423629 -1.668 -0.95 0.427
1734 465 13 -0.168263 0.511 -0.734 1.083
1735 465 14 -0.168263 1.431 0.878 -0.022
1736 465 15 -0.168263 0.563 -0.766 -1.079
1737 465 16 -0.642765 -1.995 -0.152 0.031
1738 465 17 0.045910 -0.921 0.77 -0.03
1739 465 18 0.405083 0.415 0.018 -0.013
1740 465 19 0.136466 -0.971 1.447 0.824
1741 465 20 0.136466 -1.003 1.379 -0.931
1742 465 21 0.423629 -1.668 -0.95 0.427
1743 466 13 -0.168263 0.511 -0.734 1.083
1744 466 14 -0.168263 1.431 0.878 -0.022
1745 466 15 -0.168263 0.563 -0.766 -1.079
1746 466 16 -0.642765 -1.995 -0.152 0.031
1747 466 17 0.045910 -0.921 0.77 -0.03
1748 466 18 0.405083 0.415 0.018 -0.013
1749 466 19 0.136466 -0.971 1.447 0.824
1750 466 20 0.136466 -1.003 1.379 -0.931
1751 466 21 0.423629 -1.668 -0.95 0.427
1752 467 13 -0.168263 0.511 -0.734 1.083
1753 467 14 -0.168263 1.431 0.878 -0.022
1754 467 15 -0.168263 0.563 -0.766 -1.079
1755 467 16 -0.642765 -1.995 -0.152 0.031
1756 467 17 0.045910 -0.921 0.77 -0.03
1757 467 18 0.405083 0.415 0.018 -0.013
1758 467 19 0.136466 -0.971 1.447 0.824
1759 467 20 0.136466 -1.003 1.379 -0.931
1760 467 21 0.423629 -1.668 -0.95 0.427
1761 468 13 -0.168263 0.511 -0.734 1.083
1762 468 14 -0.168263 1.431 0.878 -0.022
1763 468 15 -0.168263 0.563 -0.766 -1.079
1764 468 16 -0.642765 -1.995 -0.152 0.031
1765 468 17 0.045910 -0.921 0.77 -0.03
1766 468 18 0.405083 0.415 0.018 -0.013
1767 468 19 0.136466 -0.971 1.447 0.824
1768 468 20 0.136466 -1.003 1.379 -0.931
1769 468 21 0.423629 -1.668 -0.95 0.427
1770 469 13 -0.168263 0.511 -0.734 1.083
1771 469 14 -0.168263 1.431 0.878 -0.022
1772 469 15 -0.168263 0.563 -0.766 -1.079
1773 469 16 -0.642765 -1.995 -0.152 0.031
1774 469 17 0.045910 -0.921 0.77 -0.03
1775 469 18 0.405083 0.415 0.018 -0.013
1776 469 19 0.136466 -0.971 1.447 0.824
1777 469 20 0.136466 -1.003 1.379 -0.931
1778 469 21 0.423629 -1.668 -0.95 0.427
1779 470 13 -0.168263 0.511 -0.734 1.083
1780 470 14 -0.168263 1.431 0.878 -0.022
1781 470 15 -0.168263 0.563 -0.766 -1.079
1782 470 16 -0.642765 -1.995 -0.152 0.031
1783 470 17 0.045910 -0.921 0.77 -0.03
1784 470 18 0.405083 0.415 0.018 -0.013
1785 470 19 0.136466 -0.971 1.447 0.824
1786 470 20 0.136466 -1.003 1.379 -0.931
1787 470 21 0.423629 -1.668 -0.95 0.427
1788 471 13 -0.168263 0.511 -0.734 1.083
1789 471 14 -0.168263 1.431 0.878 -0.022
1790 471 15 -0.168263 0.563 -0.766 -1.079
1791 471 16 -0.642765 -1.995 -0.152 0.031
1792 471 17 0.045910 -0.921 0.77 -0.03
1793 471 18 0.405083 0.415 0.018 -0.013
1794 471 19 0.136466 -0.971 1.447 0.824
1795 471 20 0.136466 -1.003 1.379 -0.931
1796 471 21 0.423629 -1.668 -0.95 0.427
1797 472 13 -0.168263 0.511 -0.734 1.083
1798 472 14 -0.168263 1.431 0.878 -0.022
1799 472 15 -0.168263 0.563 -0.766 -1.079
1800 472 16 -0.642765 -1.995 -0.152 0.031
1801 472 17 0.045910 -0.921 0.77 -0.03
1802 472 18 0.405083 0.415 0.018 -0.013
1803 472 19 0.136466 -0.971 1.447 0.824
1804 472 20 0.136466 -1.003 1.379 -0.931
1805 472 21 0.423629 -1.668 -0.95 0.427
1806 473 13 -0.168263 0.511 -0.734 1.083
1807 473 14 -0.168263 1.431 0.878 -0.022
1808 473 15 -0.168263 0.563 -0.766 -1.079
1809 473 16 -0.642765 -1.995 -0.152 0.031
1810 473 17 0.045910 -0.921 0.77 -0.03
1811 473 18 0.405083 0.415 0.018 -0.013
1812 473 19 0.136466 -0.971 1.447 0.824
1813 473 20 0.136466 -1.003 1.379 -0.931
1814 473 21 0.423629 -1.668 -0.95 0.427
1815 474 13 -0.168263 0.511 -0.734 1.083
1816 474 14 -0.168263 1.431 0.878 -0.022
1817 474 15 -0.168263 0.563 -0.766 -1.079
1818 474 16 -0.642765 -1.995 -0.152 0.031
1819 474 17 0.045910 -0.921 0.77 -0.03
1820 474 18 0.405083 0.415 0.018 -0.013
1821 474 19 0.136466 -0.971 1.447 0.824
1822 474 20 0.136466 -1.003 1.379 -0.931
1823 474 21 0.423629 -1.668 -0.95 0.427
1824 475 13 -0.168263 0.511 -0.734 1.083
1825 475 14 -0.168263 1.431 0.878 -0.022
1826 475 15 -0.168263 0.563 -0.766 -1.079
1827 475 16 -0.642765 -1.995 -0.152 0.031
1828 475 17 0.045910 -0.921 0.77 -0.03
1829 475 18 0.405083 0.415 0.018 -0.013
1830 475 19 0.136466 -0.971 1.447 0.824
1831 475 20 0.136466 -1.003 1.379 -0.931
1832 475 21 0.423629 -1.668 -0.95 0.427
1833 476 13 -0.168263 0.511 -0.734 1.083
1834 476 14 -0.168263 1.431 0.878 -0.022
1835 476 15 -0.168263 0.563 -0.766 -1.079
1836 476 16 -0.642765 -1.995 -0.152 0.031
1837 476 17 0.045910 -0.921 0.77 -0.03
1838 476 18 0.405083 0.415 0.018 -0.013
1839 476 19 0.136466 -0.971 1.447 0.824
1840 476 20 0.136466 -1.003 1.379 -0.931
1841 476 21 0.423629 -1.668 -0.95 0.427
1842 477 13 -0.168263 0.511 -0.734 1.083
1843 477 14 -0.168263 1.431 0.878 -0.022
1844 477 15 -0.168263 0.563 -0.766 -1.079
1845 477 16 -0.642765 -1.995 -0.152 0.031
1846 477 17 0.045910 -0.921 0.77 -0.03
1847 477 18 0.405083 0.415 0.018 -0.013
1848 477 19 0.136466 -0.971 1.447 0.824
1849 477 20 0.136466 -1.003 1.379 -0.931
1850 477 21 0.423629 -1.668 -0.95 0.427
1851 478 13 -0.168263 0.511 -0.734 1.083
1852 478 14 -0.168263 1.431 0.878 -0.022
1853 478 15 -0.168263 0.563 -0.766 -1.079
1854 478 16 -0.642765 -1.995 -0.152 0.031
1855 478 17 0.045910 -0.921 0.77 -0.03
1856 478 18 0.405083 0.415 0.018 -0.013
1857 478 19 0.136466 -0.971 1.447 0.824
1858 478 20 0.136466 -1.003 1.379 -0.931
1859 478 21 0.423629 -1.668 -0.95 0.427
1860 479 13 -0.168263 0.511 -0.734 1.083
1861 479 14 -0.168263 1.431 0.878 -0.022
1862 479 15 -0.168263 0.563 -0.766 -1.079
1863 479 16 -0.642765 -1.995 -0.152 0.031
1864 479 17 0.045910 -0.921 0.77 -0.03
1865 479 18 0.405083 0.415 0.018 -0.013
1866 479 19 0.136466 -0.971 1.447 0.824
1867 479 20 0.136466 -1.003 1.379 -0.931
1868 479 21 0.423629 -1.668 -0.95 0.427
1869 480 13 -0.168263 0.511 -0.734 1.083
1870 480 14 -0.168263 1.431 0.878 -0.022
1871 480 15 -0.168263 0.563 -0.766 -1.079
1872 480 16 -0.642765 -1.995 -0.152 0.031
1873 480 17 0.045910 -0.921 0.77 -0.03
1874 480 18 0.405083 0.415 0.018 -0.013
1875 480 19 0.136466 -0.971 1.447 0.824
1876 480 20 0.136466 -1.003 1.379 -0.931
1877 480 21 0.423629 -1.668 -0.95 0.427
1878 481 13 -0.168263 0.511 -0.734 1.083
1879 481 14 -0.168263 1.431 0.878 -0.022
1880 481 15 -0.168263 0.563 -0.766 -1.079
1881 481 16 -0.642765 -1.995 -0.152 0.031
1882 481 17 0.045910 -0.921 0.77 -0.03
1883 481 18 0.405083 0.415 0.018 -0.013
1884 481 19 0.136466 -0.971 1.447 0.824
1885 481 20 0.136466 -1.003 1.379 -0.931
1886 481 21 0.423629 -1.668 -0.95 0.427
1887 482 13 -0.168263 0.511 -0.734 1.083
1888 482 14 -0.168263 1.431 0.878 -0.022
1889 482 15 -0.168263 0.563 -0.766 -1.079
1890 482 16 -0.642765 -1.995 -0.152 0.031
1891 482 17 0.045910 -0.921 0.77 -0.03
1892 482 18 0.405083 0.415 0.018 -0.013
1893 482 19 0.136466 -0.971 1.447 0.824
1894 482 20 0.136466 -1.003 1.379 -0.931
1895 482 21 0.423629 -1.668 -0.95 0.427
1896 483 13 -0.168263 0.511 -0.734 1.083
1897 483 14 -0.168263 1.431 0.878 -0.022
1898 483 15 -0.168263 0.563 -0.766 -1.079
1899 483 16 -0.642765 -1.995 -0.152 0.031
1900 483 17 0.045910 -0.921 0.77 -0.03
1901 483 18 0.405083 0.415 0.018 -0.013
1902 483 19 0.136466 -0.971 1.447 0.824
1903 483 20 0.136466 -1.003 1.379 -0.931
1904 483 21 0.423629 -1.668 -0.95 0.427
1905 484 13 -0.168263 0.511 -0.734 1.083
1906 484 14 -0.168263 1.431 0.878 -0.022
1907 484 15 -0.168263 0.563 -0.766 -1.079
1908 484 16 -0.642765 -1.995 -0.152 0.031
1909 484 17 0.045910 -0.921 0.77 -0.03
1910 484 18 0.405083 0.415 0.018 -0.013
1911 484 19 0.136466 -0.971 1.447 0.824
1912 484 20 0.136466 -1.003 1.379 -0.931
1913 484 21 0.423629 -1.668 -0.95 0.427
1914 485 13 -0.168263 0.511 -0.734 1.083
1915 485 14 -0.168263 1.431 0.878 -0.022
1916 485 15 -0.168263 0.563 -0.766 -1.079
1917 485 16 -0.642765 -1.995 -0.152 0.031
1918 485 17 0.045910 -0.921 0.77 -0.03
1919 485 18 0.405083 0.415 0.018 -0.013
1920 485 19 0.136466 -0.971 1.447 0.824
1921 485 20 0.136466 -1.003 1.379 -0.931
1922 485 21 0.423629 -1.668 -0.95 0.427
1923 486 13 -0.168263 0.511 -0.734 1.083
1924 486 14 -0.168263 1.431 0.878 -0.022
1925 486 15 -0.168263 0.563 -0.766 -1.079
1926 486 16 -0.642765 -1.995 -0.152 0.031
1927 486 17 0.045910 -0.921 0.77 -0.03
1928 486 18 0.405083 0.415 0.018 -0.013
1929 486 19 0.136466 -0.971 1.447 0.824
1930 486 20 0.136466 -1.003 1.379 -0.931
1931 486 21 0.423629 -1.668 -0.95 0.427
1932 487 13 -0.168263 0.511 -0.734 1.083
1933 487 14 -0.168263 1.431 0.878 -0.022
1934 487 15 -0.168263 0.563 -0.766 -1.079
1935 487 16 -0.642765 -1.995 -0.152 0.031
1936 487 17 0.045910 -0.921 0.77 -0.03
1937 487 18 0.405083 0.415 0.018 -0.013
1938 487 19 0.136466 -0.971 1.447 0.824
1939 487 20 0.136466 -1.003 1.379 -0.931
1940 487 21 0.423629 -1.668 -0.95 0.427
1941 488 13 -0.168263 0.511 -0.734 1.083
1942 488 14 -0.168263 1.431 0.878 -0.022
1943 488 15 -0.168263 0.563 -0.766 -1.079
1944 488 16 -0.642765 -1.995 -0.152 0.031
1945 488 17 0.045910 -0.921 0.77 -0.03
1946 488 18 0.405083 0.415 0.018 -0.013
1947 488 19 0.136466 -0.971 1.447 0.824
1948 488 20 0.136466 -1.003 1.379 -0.931
1949 488 21 0.423629 -1.668 -0.95 0.427
1950 489 13 -0.168263 0.511 -0.734 1.083
1951 489 14 -0.168263 1.431 0.878 -0.022
1952 489 15 -0.168263 0.563 -0.766 -1.079
1953 489 16 -0.642765 -1.995 -0.152 0.031
1954 489 17 0.045910 -0.921 0.77 -0.03
1955 489 18 0.405083 0.415 0.018 -0.013
1956 489 19 0.136466 -0.971 1.447 0.824
1957 489 20 0.136466 -1.003 1.379 -0.931
1958 489 21 0.423629 -1.668 -0.95 0.427
1959 490 13 -0.168263 0.511 -0.734 1.083
1960 490 14 -0.168263 1.431 0.878 -0.022
1961 490 15 -0.168263 0.563 -0.766 -1.079
1962 490 16 -0.642765 -1.995 -0.152 0.031
1963 490 17 0.045910 -0.921 0.77 -0.03
1964 490 18 0.405083 0.415 0.018 -0.013
1965 490 19 0.136466 -0.971 1.447 0.824
1966 490 20 0.136466 -1.003 1.379 -0.931
1967 490 21 0.423629 -1.668 -0.95 0.427
1968 491 13 -0.168263 0.511 -0.734 1.083
1969 491 14 -0.168263 1.431 0.878 -0.022
1970 491 15 -0.168263 0.563 -0.766 -1.079
1971 491 16 -0.642765 -1.995 -0.152 0.031
1972 491 17 0.045910 -0.921 0.77 -0.03
1973 491 18 0.405083 0.415 0.018 -0.013
1974 491 19 0.136466 -0.971 1.447 0.824
1975 491 20 0.136466 -1.003 1.379 -0.931
1976 491 21 0.423629 -1.668 -0.95 0.427
1977 492 13 -0.168263 0.511 -0.734 1.083
1978 492 14 -0.168263 1.431 0.878 -0.022
1979 492 15 -0.168263 0.563 -0.766 -1.079
1980 492 16 -0.642765 -1.995 -0.152 0.031
1981 492 17 0.045910 -0.921 0.77 -0.03
1982 492 18 0.405083 0.415 0.018 -0.013
1983 492 19 0.136466 -0.971 1.447 0.824
1984 492 20 0.136466 -1.003 1.379 -0.931
1985 492 21 0.423629 -1.668 -0.95 0.427
1986 493 13 -0.168263 0.511 -0.734 1.083
1987 493 14 -0.168263 1.431 0.878 -0.022
1988 493 15 -0.168263 0.563 -0.766 -1.079
1989 493 16 -0.642765 -1.995 -0.152 0.031
1990 493 17 0.045910 -0.921 0.77 -0.03
1991 493 18 0.405083 0.415 0.018 -0.013
1992 493 19 0.136466 -0.971 1.447 0.824
1993 493 20 0.136466 -1.003 1.379 -0.931
1994 493 21 0.423629 -1.668 -0.95 0.427
1995 494 13 -0.168263 0.511 -0.734 1.083
1996 494 14 -0.168263 1.431 0.878 -0.022
1997 494 15 -0.168263 0.563 -0.766 -1.079
1998 494 16 -0.642765 -1.995 -0.152 0.031
1999 494 17 0.045910 -0.921 0.77 -0.03
2000 494 18 0.405083 0.415 0.018 -0.013
2001 494 19 0.136466 -0.971 1.447 0.824
2002 494 20 0.136466 -1.003 1.379 -0.931
2003 494 21 0.423629 -1.668 -0.95 0.427
2004 495 13 -0.168263 0.511 -0.734 1.083
2005 495 14 -0.168263 1.431 0.878 -0.022
2006 495 15 -0.168263 0.563 -0.766 -1.079
2007 495 16 -0.642765 -1.995 -0.152 0.031
2008 495 17 0.045910 -0.921 0.77 -0.03
2009 495 18 0.405083 0.415 0.018 -0.013
2010 495 19 0.136466 -0.971 1.447 0.824
2011 495 20 0.136466 -1.003 1.379 -0.931
2012 495 21 0.423629 -1.668 -0.95 0.427
2013 496 13 -0.168263 0.511 -0.734 1.083
2014 496 14 -0.168263 1.431 0.878 -0.022
2015 496 15 -0.168263 0.563 -0.766 -1.079
2016 496 16 -0.642765 -1.995 -0.152 0.031
2017 496 17 0.045910 -0.921 0.77 -0.03
2018 496 18 0.405083 0.415 0.018 -0.013
2019 496 19 0.136466 -0.971 1.447 0.824
2020 496 20 0.136466 -1.003 1.379 -0.931
2021 496 21 0.423629 -1.668 -0.95 0.427
2022 497 13 -0.168263 0.511 -0.734 1.083
2023 497 14 -0.168263 1.431 0.878 -0.022
2024 497 15 -0.168263 0.563 -0.766 -1.079
2025 497 16 -0.642765 -1.995 -0.152 0.031
2026 497 17 0.045910 -0.921 0.77 -0.03
2027 497 18 0.405083 0.415 0.018 -0.013
2028 497 19 0.136466 -0.971 1.447 0.824
2029 497 20 0.136466 -1.003 1.379 -0.931
2030 497 21 0.423629 -1.668 -0.95 0.427
2031 498 13 -0.168263 0.511 -0.734 1.083
2032 498 14 -0.168263 1.431 0.878 -0.022
2033 498 15 -0.168263 0.563 -0.766 -1.079
2034 498 16 -0.642765 -1.995 -0.152 0.031
2035 498 17 0.045910 -0.921 0.77 -0.03
2036 498 18 0.405083 0.415 0.018 -0.013
2037 498 19 0.136466 -0.971 1.447 0.824
2038 498 20 0.136466 -1.003 1.379 -0.931
2039 498 21 0.423629 -1.668 -0.95 0.427
2040 499 13 -0.168263 0.511 -0.734 1.083
2041 499 14 -0.168263 1.431 0.878 -0.022
2042 499 15 -0.168263 0.563 -0.766 -1.079
2043 499 16 -0.642765 -1.995 -0.152 0.031
2044 499 17 0.045910 -0.921 0.77 -0.03
2045 499 18 0.405083 0.415 0.018 -0.013
2046 499 19 0.136466 -0.971 1.447 0.824
2047 499 20 0.136466 -1.003 1.379 -0.931
2048 499 21 0.423629 -1.668 -0.95 0.427
2049 500 13 -0.168263 0.511 -0.734 1.083
2050 500 14 -0.168263 1.431 0.878 -0.022
2051 500 15 -0.168263 0.563 -0.766 -1.079
2052 500 16 -0.642765 -1.995 -0.152 0.031
2053 500 17 0.045910 -0.921 0.77 -0.03
2054 500 18 0.405083 0.415 0.018 -0.013
2055 500 19 0.136466 -0.971 1.447 0.824
2056 500 20 0.136466 -1.003 1.379 -0.931
2057 500 21 0.423629 -1.668 -0.95 0.427
2058 501 13 -0.168263 0.511 -0.734 1.083
2059 501 14 -0.168263 1.431 0.878 -0.022
2060 501 15 -0.168263 0.563 -0.766 -1.079
2061 501 16 -0.642765 -1.995 -0.152 0.031
2062 501 17 0.045910 -0.921 0.77 -0.03
2063 501 18 0.405083 0.415 0.018 -0.013
2064 501 19 0.136466 -0.971 1.447 0.824
2065 501 20 0.136466 -1.003 1.379 -0.931
2066 501 21 0.423629 -1.668 -0.95 0.427
2067 502 13 -0.168263 0.511 -0.734 1.083
2068 502 14 -0.168263 1.431 0.878 -0.022
2069 502 15 -0.168263 0.563 -0.766 -1.079
2070 502 16 -0.642765 -1.995 -0.152 0.031
2071 502 17 0.045910 -0.921 0.77 -0.03
2072 502 18 0.405083 0.415 0.018 -0.013
2073 502 19 0.136466 -0.971 1.447 0.824
2074 502 20 0.136466 -1.003 1.379 -0.931
2075 502 21 0.423629 -1.668 -0.95 0.427
2076 503 13 -0.168263 0.511 -0.734 1.083
2077 503 14 -0.168263 1.431 0.878 -0.022
2078 503 15 -0.168263 0.563 -0.766 -1.079
2079 503 16 -0.642765 -1.995 -0.152 0.031
2080 503 17 0.045910 -0.921 0.77 -0.03
2081 503 18 0.405083 0.415 0.018 -0.013
2082 503 19 0.136466 -0.971 1.447 0.824
2083 503 20 0.136466 -1.003 1.379 -0.931
2084 503 21 0.423629 -1.668 -0.95 0.427
2085 504 13 -0.168263 0.511 -0.734 1.083
2086 504 14 -0.168263 1.431 0.878 -0.022
2087 504 15 -0.168263 0.563 -0.766 -1.079
2088 504 16 -0.642765 -1.995 -0.152 0.031
2089 504 17 0.045910 -0.921 0.77 -0.03
2090 504 18 0.405083 0.415 0.018 -0.013
2091 504 19 0.136466 -0.971 1.447 0.824
2092 504 20 0.136466 -1.003 1.379 -0.931
2093 504 21 0.423629 -1.668 -0.95 0.427
2094 505 13 -0.168263 0.511 -0.734 1.083
2095 505 14 -0.168263 1.431 0.878 -0.022
2096 505 15 -0.168263 0.563 -0.766 -1.079
2097 505 16 -0.642765 -1.995 -0.152 0.031
2098 505 17 0.045910 -0.921 0.77 -0.03
2099 505 18 0.405083 0.415 0.018 -0.013
2100 505 19 0.136466 -0.971 1.447 0.824
2101 505 20 0.136466 -1.003 1.379 -0.931
2102 505 21 0.423629 -1.668 -0.95 0.427
2103 506 13 -0.168263 0.511 -0.734 1.083
2104 506 14 -0.168263 1.431 0.878 -0.022
2105 506 15 -0.168263 0.563 -0.766 -1.079
2106 506 16 -0.642765 -1.995 -0.152 0.031
2107 506 17 0.045910 -0.921 0.77 -0.03
2108 506 18 0.405083 0.415 0.018 -0.013
2109 506 19 0.136466 -0.971 1.447 0.824
2110 506 20 0.136466 -1.003 1.379 -0.931
2111 506 21 0.423629 -1.668 -0.95 0.427
2112 507 13 -0.168263 0.511 -0.734 1.083
2113 507 14 -0.168263 1.431 0.878 -0.022
2114 507 15 -0.168263 0.563 -0.766 -1.079
2115 507 16 -0.642765 -1.995 -0.152 0.031
2116 507 17 0.045910 -0.921 0.77 -0.03
2117 507 18 0.405083 0.415 0.018 -0.013
2118 507 19 0.136466 -0.971 1.447 0.824
2119 507 20 0.136466 -1.003 1.379 -0.931
2120 507 21 0.423629 -1.668 -0.95 0.427
2121 508 13 -0.168263 0.511 -0.734 1.083
2122 508 14 -0.168263 1.431 0.878 -0.022
2123 508 15 -0.168263 0.563 -0.766 -1.079
2124 508 16 -0.642765 -1.995 -0.152 0.031
2125 508 17 0.045910 -0.921 0.77 -0.03
2126 508 18 0.405083 0.415 0.018 -0.013
2127 508 19 0.136466 -0.971 1.447 0.824
2128 508 20 0.136466 -1.003 1.379 -0.931
2129 508 21 0.423629 -1.668 -0.95 0.427
2130 509 13 -0.168263 0.511 -0.734 1.083
2131 509 14 -0.168263 1.431 0.878 -0.022
2132 509 15 -0.168263 0.563 -0.766 -1.079
2133 509 16 -0.642765 -1.995 -0.152 0.031
2134 509 17 0.045910 -0.921 0.77 -0.03
2135 509 18 0.405083 0.415 0.018 -0.013
2136 509 19 0.136466 -0.971 1.447 0.824
2137 509 20 0.136466 -1.003 1.379 -0.931
2138 509 21 0.423629 -1.668 -0.95 0.427
2139 510 13 -0.168263 0.511 -0.734 1.083
2140 510 14 -0.168263 1.431 0.878 -0.022
2141 510 15 -0.168263 0.563 -0.766 -1.079
2142 510 16 -0.642765 -1.995 -0.152 0.031
2143 510 17 0.045910 -0.921 0.77 -0.03
2144 510 18 0.405083 0.415 0.018 -0.013
2145 510 19 0.136466 -0.971 1.447 0.824
2146 510 20 0.136466 -1.003 1.379 -0.931
2147 510 21 0.423629 -1.668 -0.95 0.427
2148 511 13 -0.168263 0.511 -0.734 1.083
2149 511 14 -0.168263 1.431 0.878 -0.022
2150 511 15 -0.168263 0.563 -0.766 -1.079
2151 511 16 -0.642765 -1.995 -0.152 0.031
2152 511 17 0.045910 -0.921 0.77 -0.03
2153 511 18 0.405083 0.415 0.018 -0.013
2154 511 19 0.136466 -0.971 1.447 0.824
2155 511 20 0.136466 -1.003 1.379 -0.931
2156 511 21 0.423629 -1.668 -0.95 0.427
2157 512 13 -0.168263 0.511 -0.734 1.083
2158 512 14 -0.168263 1.431 0.878 -0.022
2159 512 15 -0.168263 0.563 -0.766 -1.079
2160 512 16 -0.642765 -1.995 -0.152 0.031
2161 512 17 0.045910 -0.921 0.77 -0.03
2162 512 18 0.405083 0.415 0.018 -0.013
2163 512 19 0.136466 -0.971 1.447 0.824
2164 512 20 0.136466 -1.003 1.379 -0.931
2165 512 21 0.423629 -1.668 -0.95 0.427
2166 513 13 -0.168263 0.511 -0.734 1.083
2167 513 14 -0.168263 1.431 0.878 -0.022
2168 513 15 -0.168263 0.563 -0.766 -1.079
2169 513 16 -0.642765 -1.995 -0.152 0.031
2170 513 17 0.045910 -0.921 0.77 -0.03
2171 513 18 0.405083 0.415 0.018 -0.013
2172 513 19 0.136466 -0.971 1.447 0.824
2173 513 20 0.136466 -1.003 1.379 -0.931
2174 513 21 0.423629 -1.668 -0.95 0.427
2175 514 13 -0.168263 0.511 -0.734 1.083
2176 514 14 -0.168263 1.431 0.878 -0.022
2177 514 15 -0.168263 0.563 -0.766 -1.079
2178 514 16 -0.642765 -1.995 -0.152 0.031
2179 514 17 0.045910 -0.921 0.77 -0.03
2180 514 18 0.405083 0.415 0.018 -0.013
2181 514 19 0.136466 -0.971 1.447 0.824
2182 514 20 0.136466 -1.003 1.379 -0.931
2183 514 21 0.423629 -1.668 -0.95 0.427
2184 515 13 -0.168263 0.511 -0.734 1.083
2185 515 14 -0.168263 1.431 0.878 -0.022
2186 515 15 -0.168263 0.563 -0.766 -1.079
2187 515 16 -0.642765 -1.995 -0.152 0.031
2188 515 17 0.045910 -0.921 0.77 -0.03
2189 515 18 0.405083 0.415 0.018 -0.013
2190 515 19 0.136466 -0.971 1.447 0.824
2191 515 20 0.136466 -1.003 1.379 -0.931
2192 515 21 0.423629 -1.668 -0.95 0.427
2193 516 13 -0.168263 0.511 -0.734 1.083
2194 516 14 -0.168263 1.431 0.878 -0.022
2195 516 15 -0.168263 0.563 -0.766 -1.079
2196 516 16 -0.642765 -1.995 -0.152 0.031
2197 516 17 0.045910 -0.921 0.77 -0.03
2198 516 18 0.405083 0.415 0.018 -0.013
2199 516 19 0.136466 -0.971 1.447 0.824
2200 516 20 0.136466 -1.003 1.379 -0.931
2201 516 21 0.423629 -1.668 -0.95 0.427
2202 517 13 -0.168263 0.511 -0.734 1.083
2203 517 14 -0.168263 1.431 0.878 -0.022
2204 517 15 -0.168263 0.563 -0.766 -1.079
2205 517 16 -0.642765 -1.995 -0.152 0.031
2206 517 17 0.045910 -0.921 0.77 -0.03
2207 517 18 0.405083 0.415 0.018 -0.013
2208 517 19 0.136466 -0.971 1.447 0.824
2209 517 20 0.136466 -1.003 1.379 -0.931
2210 517 21 0.423629 -1.668 -0.95 0.427
2211 518 13 -0.168263 0.511 -0.734 1.083
2212 518 14 -0.168263 1.431 0.878 -0.022
2213 518 15 -0.168263 0.563 -0.766 -1.079
2214 518 16 -0.642765 -1.995 -0.152 0.031
2215 518 17 0.045910 -0.921 0.77 -0.03
2216 518 18 0.405083 0.415 0.018 -0.013
2217 518 19 0.136466 -0.971 1.447 0.824
2218 518 20 0.136466 -1.003 1.379 -0.931
2219 518 21 0.423629 -1.668 -0.95 0.427
2220 519 13 -0.168263 0.511 -0.734 1.083
2221 519 14 -0.168263 1.431 0.878 -0.022
2222 519 15 -0.168263 0.563 -0.766 -1.079
2223 519 16 -0.642765 -1.995 -0.152 0.031
2224 519 17 0.045910 -0.921 0.77 -0.03
2225 519 18 0.405083 0.415 0.018 -0.013
2226 519 19 0.136466 -0.971 1.447 0.824
2227 519 20 0.136466 -1.003 1.379 -0.931
2228 519 21 0.423629 -1.668 -0.95 0.427
2229 520 13 -0.168263 0.511 -0.734 1.083
2230 520 14 -0.168263 1.431 0.878 -0.022
2231 520 15 -0.168263 0.563 -0.766 -1.079
2232 520 16 -0.642765 -1.995 -0.152 0.031
2233 520 17 0.045910 -0.921 0.77 -0.03
2234 520 18 0.405083 0.415 0.018 -0.013
2235 520 19 0.136466 -0.971 1.447 0.824
2236 520 20 0.136466 -1.003 1.379 -0.931
2237 520 21 0.423629 -1.668 -0.95 0.427
2238 521 13 -0.168263 0.511 -0.734 1.083
2239 521 14 -0.168263 1.431 0.878 -0.022
2240 521 15 -0.168263 0.563 -0.766 -1.079
2241 521 16 -0.642765 -1.995 -0.152 0.031
2242 521 17 0.045910 -0.921 0.77 -0.03
2243 521 18 0.405083 0.415 0.018 -0.013
2244 521 19 0.136466 -0.971 1.447 0.824
2245 521 20 0.136466 -1.003 1.379 -0.931
2246 521 21 0.423629 -1.668 -0.95 0.427
2247 522 13 -0.168263 0.511 -0.734 1.083
2248 522 14 -0.168263 1.431 0.878 -0.022
2249 522 15 -0.168263 0.563 -0.766 -1.079
2250 522 16 -0.642765 -1.995 -0.152 0.031
2251 522 17 0.045910 -0.921 0.77 -0.03
2252 522 18 0.405083 0.415 0.018 -0.013
2253 522 19 0.136466 -0.971 1.447 0.824
2254 522 20 0.136466 -1.003 1.379 -0.931
2255 522 21 0.423629 -1.668 -0.95 0.427
2256 523 13 -0.168263 0.511 -0.734 1.083
2257 523 14 -0.168263 1.431 0.878 -0.022
2258 523 15 -0.168263 0.563 -0.766 -1.079
2259 523 16 -0.642765 -1.995 -0.152 0.031
2260 523 17 0.045910 -0.921 0.77 -0.03
2261 523 18 0.405083 0.415 0.018 -0.013
2262 523 19 0.136466 -0.971 1.447 0.824
2263 523 20 0.136466 -1.003 1.379 -0.931
2264 523 21 0.423629 -1.668 -0.95 0.427
2265 524 13 -0.168263 0.511 -0.734 1.083
2266 524 14 -0.168263 1.431 0.878 -0.022
2267 524 15 -0.168263 0.563 -0.766 -1.079
2268 524 16 -0.642765 -1.995 -0.152 0.031
2269 524 17 0.045910 -0.921 0.77 -0.03
2270 524 18 0.405083 0.415 0.018 -0.013
2271 524 19 0.136466 -0.971 1.447 0.824
2272 524 20 0.136466 -1.003 1.379 -0.931
2273 524 21 0.423629 -1.668 -0.95 0.427
2274 525 13 -0.168263 0.511 -0.734 1.083
2275 525 14 -0.168263 1.431 0.878 -0.022
2276 525 15 -0.168263 0.563 -0.766 -1.079
2277 525 16 -0.642765 -1.995 -0.152 0.031
2278 525 17 0.045910 -0.921 0.77 -0.03
2279 525 18 0.405083 0.415 0.018 -0.013
2280 525 19 0.136466 -0.971 1.447 0.824
2281 525 20 0.136466 -1.003 1.379 -0.931
2282 525 21 0.423629 -1.668 -0.95 0.427
2283 526 13 -0.168263 0.511 -0.734 1.083
2284 526 14 -0.168263 1.431 0.878 -0.022
2285 526 15 -0.168263 0.563 -0.766 -1.079
2286 526 16 -0.642765 -1.995 -0.152 0.031
2287 526 17 0.045910 -0.921 0.77 -0.03
2288 526 18 0.405083 0.415 0.018 -0.013
2289 526 19 0.136466 -0.971 1.447 0.824
2290 526 20 0.136466 -1.003 1.379 -0.931
2291 526 21 0.423629 -1.668 -0.95 0.427
2292 527 13 -0.168263 0.511 -0.734 1.083
2293 527 14 -0.168263 1.431 0.878 -0.022
2294 527 15 -0.168263 0.563 -0.766 -1.079
2295 527 16 -0.642765 -1.995 -0.152 0.031
2296 527 17 0.045910 -0.921 0.77 -0.03
2297 527 18 0.405083 0.415 0.018 -0.013
2298 527 19 0.136466 -0.971 1.447 0.824
2299 527 20 0.136466 -1.003 1.379 -0.931
2300 527 21 0.423629 -1.668 -0.95 0.427
2301 528 13 -0.168263 0.511 -0.734 1.083
2302 528 14 -0.168263 1.431 0.878 -0.022
2303 528 15 -0.168263 0.563 -0.766 -1.079
2304 528 16 -0.642765 -1.995 -0.152 0.031
2305 528 17 0.045910 -0.921 0.77 -0.03
2306 528 18 0.405083 0.415 0.018 -0.013
2307 528 19 0.136466 -0.971 1.447 0.824
2308 528 20 0.136466 -1.003 1.379 -0.931
2309 528 21 0.423629 -1.668 -0.95 0.427
2310 529 13 -0.168263 0.511 -0.734 1.083
2311 529 14 -0.168263 1.431 0.878 -0.022
2312 529 15 -0.168263 0.563 -0.766 -1.079
2313 529 16 -0.642765 -1.995 -0.152 0.031
2314 529 17 0.045910 -0.921 0.77 -0.03
2315 529 18 0.405083 0.415 0.018 -0.013
2316 529 19 0.136466 -0.971 1.447 0.824
2317 529 20 0.136466 -1.003 1.379 -0.931
2318 529 21 0.423629 -1.668 -0.95 0.427
