14.72279100 22.48248300 22.15530600
14.24112500 24.73726400 20.83578300
15.22655200 23.21891300 19.65308100
16.34235300 24.32614800 21.13776100
15.81420700 21.54064600 22.03748700
13.43688400 22.00585900 21.69570500
14.69926100 23.25857100 23.37560900
15.15340500 23.75064400 20.88601400
11.15508700 18.94793900 15.42559900
9.93235300 16.68513300 14.76091000
10.96613500 17.64151400 13.12021800
9.08969800 18.44641100 13.83182300
11.38117100 20.15320100 14.65855600
12.33451900 18.16039200 15.70962300
10.21151400 19.07109900 16.51486900
10.24305400 17.88022500 14.22854200
6.19210800 11.47077900 15.01872400
7.42113200 12.52962300 12.91502900
8.38455100 10.75931700 13.69802400
8.56179600 12.64085600 14.74857200
6.72915800 10.77785700 16.16918600
5.43872000 10.65200200 14.09461800
5.63913300 12.78083500 15.28325800
7.71108900 11.86881700 14.04969100
28.73068100 24.23099800 25.31624700
28.07529300 26.55061100 26.43295900
30.01893000 26.54810200 25.48559000
29.74126200 25.55478600 27.38597900
30.01924400 23.59047500 25.16974900
28.13440000 24.71729000 24.09153000
27.82015500 23.59334200 26.24163500
29.16174600 25.79437800 26.19646800
22.41058300 21.67054100 24.42124900
20.88065500 19.50308800 24.28468300
20.17370700 21.15627000 23.08366100
19.92532800 21.19625300 25.23121000
22.06057500 23.07239300 24.35469000
23.14131500 21.15668000 23.28373500
22.86041800 21.20191500 25.71355200
20.77071000 20.84275000 24.24706300
28.76865400 4.58122400 10.49297100
28.74608400 7.23692300 10.55569500
27.84946300 6.39104200 8.77923900
29.99999900 6.40404600 9.00347700
28.89058600 3.66956200 9.37666800
27.47186900 4.61200600 11.13278500
29.90504100 4.62664400 11.38659800
28.84463700 6.23060400 9.66923800
21.51206700 21.55356200 1.07833900
24.00364100 20.73761600 1.50667500
22.89957700 19.50195300 0.11763900
22.49321500 19.37383000 2.23747600
20.31074800 20.79673900 0.80233200
22.01975100 22.33963200 -0.02452600
21.55994400 22.19479200 2.37392300
22.78685800 20.22969100 1.24276200
12.56209300 1.27566500 26.93887900
10.11137000 1.82755100 27.80291800
10.93761100 -0.00084600 28.60885200
10.23066700 0.05783300 26.56629400
13.20246000 0.00467900 26.68070700
13.06737400 2.00690200 28.07990700
12.26760400 2.07338200 25.76886700
10.88167600 0.76616700 27.50577800
27.94084400 14.17718900 16.75341700
26.63452700 11.87647100 16.51381000
25.63807100 13.55510600 15.58402400
25.61795800 13.34241600 17.73567800
27.44437500 15.52959000 16.88248200
28.59440500 13.87094600 15.50000800
28.57177600 13.63031300 17.93445700
26.38492800 13.19161000 16.64151400
19.62945100 7.59919600 6.26619000
18.54442800 9.82721100 7.22319400
17.52032600 9.02018500 5.49832800
19.40838500 10.04503800 5.25304200
19.72032400 7.10703200 4.90911800
18.74273800 6.86068300 7.13814000
20.87900300 8.02014500 6.86068900
18.73369000 9.19783900 6.05005000
13.27090800 14.30154900 22.41978000
11.02554000 13.45493500 23.55940600
12.73682000 13.45650400 24.88105600
12.54354900 11.92751600 23.36444900
14.64415000 13.90615100 22.64337400
12.92660500 15.63422400 22.86406800
12.70793800 13.90437000 21.14804100
12.35110100 13.23512700 23.61203100
16.28390200 26.15154700 9.27953400
16.32122100 23.50543600 9.04740500
15.35206400 24.21754200 10.84431300
17.50825800 24.26156000 10.68892500
16.35147100 26.99186000 10.45487900
15.00842100 26.13625100 8.59771700
17.44799600 26.18613500 8.42180700
16.37044300 24.45449300 9.99875500
24.85989200 20.11290800 5.37650300
22.73792800 20.50045800 6.92706900
22.61368000 18.73006500 5.69195200
22.32763000 20.68435400 4.81207300
24.96392100 19.53334300 4.05536300
25.42800200 19.32523600 6.44831600
25.10447600 21.53641100 5.45282700
23.04995600 20.00175800 5.71788100
10.20824700 21.71279800 7.20283700
8.05550700 22.95045200 6.25885400
8.37768700 20.98325500 5.42125100
9.60987800 22.64317200 4.78750200
11.11891800 20.79127600 6.55971800
9.36018500 21.13893000 8.22431900
10.75436800 23.01702400 7.50739500
9.00652900 22.09011800 5.85440500
4.46905000 28.56684000 3.11163500
2.11730800 27.34871300 2.90508800
3.56112100 26.27669400 4.10568100
3.74346800 26.28991700 1.95119000
5.80339700 28.01944500 3.22118800
3.96347400 29.21725500 4.30046400
4.16980300 29.23234200 1.86281000
3.42375700 27.04942400 3.01378800
8.96930600 7.37443000 4.08303900
8.60421000 4.74447900 4.16815000
9.94849200 5.39611100 2.60497300
7.81670400 5.68499000 2.38752000
9.20313800 8.25384100 2.95872300
10.09415400 7.18961500 4.97327400
7.68218400 7.51653800 4.72734500
8.82803300 5.72259600 3.27294700
20.89902600 11.62269700 12.67227900
23.27708900 12.73206000 12.25838100
23.21381200 10.60917900 11.85265900
23.23800600 11.31929100 13.89481800
20.54896900 10.29842900 13.13693200
20.59332700 11.89682200 11.28542500
20.62058800 12.70032400 13.59596600
22.74342100 11.56825800 12.66942700
26.77043600 5.56902200 18.11434400
27.80193800 5.03377800 20.50321300
29.19571400 5.95191700 19.12856800
28.65848500 3.87063600 18.89423900
27.38240700 5.55858700 16.80380500
26.41342400 6.87457100 18.62429000
25.80546500 4.51978000 18.35914300
28.17234100 5.08356200 19.21150100
4.59424200 26.03488000 20.63829800
5.65875400 28.46433600 20.49084500
4.15740300 28.25356200 22.03252000
3.56474400 28.38732500 19.95740100
3.25605600 25.61627500 20.99348100
5.62522600 25.70354100 21.59707100
4.95473700 25.85477700 19.24919300
4.48883200 27.87108000 20.78669800
9.58135700 8.10174600 14.25180400
8.79491200 10.13727100 15.76683600
8.23442200 8.19717600 16.53957400
7.17016900 9.03899600 14.85613700
8.95848600 6.81993700 14.00456800
10.79665300 8.06257300 15.03505500
9.59263300 9.01503200 13.13029300
8.38933400 8.90651700 15.40774000
10.90717300 16.59403300 8.50278700
13.04494700 15.31307800 7.58286200
13.50240100 16.89547700 8.98357200
12.92074900 17.37936400 6.95803800
10.73404100 17.97872800 8.88327500
10.87470200 15.64091400 9.59020100
10.21649000 16.18834400 7.29846900
12.67674200 16.54311400 7.98240400
6.04068100 4.02040900 12.49528700
5.17494000 6.50831500 12.83879400
3.93342200 5.00715800 13.77709000
3.86626000 5.27982300 11.63316800
5.30686800 2.78124800 12.36065600
6.78741100 4.17125500 13.72475800
6.71154500 4.47972400 11.29905200
4.69054600 5.26211700 12.69543900
10.19930800 16.04154200 21.12425500
10.15043000 14.03772400 19.38083700
8.56107500 13.96896500 20.84523600
10.57652800 13.42754600 21.41098300
9.81861100 16.08181000 22.51909400
9.33645800 16.77204500 20.22213700
11.61684300 16.15958500 20.86221300
9.85575700 14.28669600 20.66900500
16.12304600 8.88870000 25.99770900
15.51986200 6.31804100 26.28936800
16.77646600 6.73867600 24.58078600
14.67070700 7.22587100 24.52014600
16.33881000 9.67246600 24.80134700
17.29955800 8.64521000 26.80299900
14.91705500 9.19651800 26.73448600
15.75525900 7.21436300 25.31500000
28.38474500 29.21774000 25.29354200
27.89044500 30.01655800 27.77844400
28.96924700 28.14685600 27.65337100
26.85302000 28.20546400 27.21359300
28.46419300 27.88642300 24.73371300
29.63794900 29.93547200 25.37292900
27.24360800 30.00186100 24.87525200
28.00661800 28.88086100 27.06788500
7.69720900 1.07729800 5.36407500
9.94974100 2.11740100 6.31353200
10.10276400 1.39300800 4.28201000
10.05552800 -0.00768000 5.92855100
7.48404900 -0.00937400 4.43357200
7.36450100 2.39497900 4.86911800
7.31094000 0.81023800 6.73209600
9.53755800 1.14831300 5.47736700
13.13614800 9.31291500 1.09498400
12.96779900 6.71875100 1.64193500
11.47995400 7.42054900 0.23871200
11.28185700 7.87702800 2.34290800
12.10210300 10.27675400 0.78856400
14.00951300 8.96615100 -0.00453800
13.78549000 9.48269100 2.37620900
12.17121000 7.75952000 1.34119700
16.33165300 14.23657700 10.98513000
18.71536700 13.10781400 11.30291000
18.25680300 13.63423000 9.25648700
17.31950900 11.91069800 10.16542900
15.39765800 14.16331100 9.88312500
16.97705700 15.51768300 11.17001300
15.91651800 13.56770200 12.19850400
17.72092700 13.17243700 10.40007600
2.42273800 9.39703700 5.33322800
0.03614800 8.39976300 5.93888100
-0.00354100 10.47881100 5.34623700
0.72436000 9.92702400 7.30607100
2.95572400 10.72993000 5.51056900
2.17693700 9.00200700 3.96374200
3.00060000 8.37763100 6.18110400
0.71489900 9.55821200 6.01298600
4.35356000 7.57992000 25.65257800
5.95843700 9.54875400 26.43055300
4.06497200 10.22065900 25.63144300
5.60394700 9.49300300 24.29827800
3.39207000 7.52339900 24.57347200
3.79316300 7.58661900 26.98594600
5.53440000 6.76321200 25.47761800
5.02679500 9.29075500 25.49584600
14.33095200 20.13782600 6.99254900
16.93897600 20.31781600 7.46477100
15.94077200 22.22868300 7.29919100
16.34277600 21.06155600 5.52395500
13.45370300 20.99750800 6.22867100
14.12836100 20.15612500 8.42453400
14.58312700 18.83550800 6.41602200
15.96494800 20.97572900 6.81161200
21.97830300 27.40113800 5.58352400
19.35293700 27.80172600 5.51899400
19.94701700 26.03678100 6.61775700
19.99958100 26.03321900 4.45616500
22.74013200 26.17177900 5.60405500
22.00838500 28.17262600 6.80657800
22.06794500 28.16868800 4.36088900
20.23789800 26.78954700 5.54214500
23.21271900 24.44518800 28.05293900
25.65500200 25.36354300 28.55199400
25.59583900 23.76755000 27.09441100
25.33351400 23.32408700 29.19435900
22.76149600 23.11308000 27.71528200
23.12537100 25.42051600 26.98848300
22.82846300 24.91884000 29.36443000
25.03464900 24.21425800 28.23183300
24.24444100 15.25287500 24.66964900
25.76989200 16.94073900 26.04125400
26.56827700 14.93514700 25.91707300
24.91064900 15.35894100 27.23916300
24.02148500 13.83451700 24.84479700
24.99375500 15.62418700 23.48955800
23.11819200 16.10371400 24.98531100
25.42880000 15.64007000 26.03058200
24.89102900 27.27143100 3.37829300
27.11283600 25.81732600 3.45789300
25.51590500 24.92190000 2.30756100
25.43037600 24.90944400 4.46806700
23.50424000 26.86440400 3.32106900
25.40784700 27.89146100 2.17811700
25.31107500 27.87749600 4.62258000
25.77915100 25.65423200 3.40419300
1.28038500 16.97747500 12.17491200
1.87087600 14.38755600 12.14617300
-0.00470900 14.87315800 11.18616600
0.13967600 14.88211400 13.34355600
0.00138400 17.64786300 12.25774800
1.96002900 17.08818400 10.90298900
2.12347700 17.09841100 13.34391900
0.79899200 15.19661800 12.21458700
7.91322100 10.13584200 22.75789200
9.49944900 11.52810400 21.14461300
10.24058400 11.34928700 23.16797300
8.60958300 12.69938500 22.72941900
7.65294000 10.28119600 24.17325600
8.65985800 8.95608300 22.38018700
6.81442200 10.48352600 21.88395600
9.12235500 11.49171500 22.43483600
20.32586000 18.73000400 6.80807400
17.85360200 17.77809900 7.00555800
18.90087000 17.90543100 8.89295200
19.39230600 16.33745500 7.48753600
21.51512000 18.41934100 7.57048900
19.77412100 20.04923600 7.02526400
20.33018300 18.27526700 5.43504700
19.05878900 17.63647800 7.58492400
19.27976600 29.23656700 10.32930300
21.23143600 27.43495300 10.28078100
20.07363000 27.42903300 12.10689400
21.51481100 28.99994500 11.74566000
18.72938100 29.99490700 11.43117500
18.40884200 28.22416700 9.77387700
20.03937200 30.00158100 9.36506200
20.58615000 28.22787400 11.15432600
11.14023000 17.45085300 27.36909600
10.71836300 19.59518800 25.85878500
9.79630500 17.79134500 25.10300700
11.93108400 18.07633000 24.91129000
11.29304100 16.05994400 27.00283400
9.92090600 17.77843900 28.07471200
12.33627100 18.10088300 27.85792500
10.88453900 18.26665900 25.73390600
22.53684600 6.29456500 24.92469300
20.20897000 7.22657400 24.04746300
21.54149000 6.56846900 22.47694400
21.90896600 8.44187700 23.49210800
23.85555600 6.35619600 24.33364800
21.93209100 4.98123000 24.96186400
22.34788000 7.10079900 26.11056200
21.50051000 7.17411500 23.67682900
17.65626200 16.07346400 23.82109900
19.81363600 14.62088200 24.36232400
19.17038700 14.50681400 22.30114500
18.07376000 13.44992500 23.83595800
16.57636000 15.83874500 22.88790800
18.54496100 17.16347700 23.48339200
17.30417600 15.96779200 25.21998300
18.72875600 14.59339300 23.56829800
21.54178800 12.42096200 8.02671500
23.18209400 14.50077300 7.82431300
23.54061300 12.95149200 6.35924200
24.15925500 12.66327600 8.41094100
21.76842200 11.01729700 7.76122000
20.66297200 13.09630600 7.09744000
21.36280100 12.77021800 9.41883300
23.18285600 13.16918100 7.63706500
3.35881900 17.30020600 28.78420500
5.49595400 15.72228600 28.78311100
5.77134500 17.57596800 29.86165700
5.76840000 17.57343900 27.69942700
3.25719700 18.74305000 28.78263500
2.94908900 16.64863000 30.00875800
2.94563600 16.64572700 27.56234500
5.18417500 17.03033400 28.78196900
16.62884500 6.23585900 12.49621600
14.54886900 4.58568500 12.40785400
15.83629300 4.28787300 14.11931200
16.46076500 3.60536400 12.16496500
17.97013700 6.02969100 12.99677400
15.80694200 7.13871700 13.27164000
16.51348600 6.36662700 11.06038900
15.83133100 4.60212000 12.81185900
21.21156300 19.74500900 11.67979900
22.99265900 18.85233600 9.92252600
23.69750800 18.85336500 11.96664600
23.55033800 20.71275200 10.87290200
21.39513800 20.48322100 12.91003100
20.76431300 18.37829100 11.83474900
20.59767500 20.48204200 10.59724200
22.94421800 19.53085500 11.08246700
14.73030100 9.76324800 6.72068100
14.07853300 8.65766900 4.39472400
13.09219400 10.54284900 4.78004700
12.44724700 8.75478900 5.81064900
13.94561100 10.56996800 7.62930200
15.79117300 10.46009300 6.02720000
15.06157500 8.43701800 7.19330900
13.53084400 9.41321700 5.36290900
7.53548100 15.51773500 12.32305500
8.76218200 16.40951700 10.14197400
9.29808400 14.38724400 10.68829100
10.08666000 16.05629200 11.81420600
7.99172400 14.60854500 13.35132700
6.49330100 15.00815900 11.45925300
7.38540100 16.89660300 12.73318200
8.98872000 15.59639900 11.18873900
11.93849800 27.64210500 25.49009400
11.00687300 29.99951100 24.69517800
13.13418000 29.97893400 25.08167600
11.73575500 29.98240300 26.73081300
13.01298400 27.31631900 26.40194400
12.18835300 27.33581500 24.09879300
10.60608500 27.33962700 25.96463700
11.95456800 29.48720900 25.49992500
27.39072500 20.68675900 1.25749500
28.95058900 18.67018000 2.00409700
29.36670600 20.52963000 3.02612100
29.99736200 20.25832000 0.97577500
27.67039100 22.10226300 1.15618800
26.48617900 20.30539200 2.31971700
27.19960000 19.99841000 -0.00014300
29.00186100 20.00423900 1.84330100
23.25187100 27.98978100 28.29551100
23.57802600 30.00121900 29.99989300
24.98913400 29.99845800 28.36159900
25.21371600 28.58713200 29.98424400
24.22267800 27.25090000 27.51852000
22.37213100 28.85092000 27.53626300
22.62611700 27.25405100 29.37214400
24.30767500 29.20088600 29.20285100
11.86192000 28.70914100 20.75040500
10.59338700 27.99557600 18.52805700
12.03304700 29.58434800 18.24801400
10.13550100 29.99989500 19.19769400
12.35726200 29.99993900 21.17538200
12.87529500 27.73226900 20.41761000
10.72838300 28.20235200 21.49220200
11.12123100 29.09010500 19.10389100
27.67533500 25.60947900 17.25778600
27.37687600 23.00368900 17.67964200
25.83744200 23.87588200 16.43679700
25.82910000 24.22233600 18.57107800
26.68739700 26.65167400 17.08476800
28.43847500 25.27277300 16.07617400
28.42915000 25.66482100 18.49095500
26.63072700 24.10746200 17.49758900
9.97769600 27.71751500 11.30101700
10.29164300 29.31395300 9.20101600
12.11320200 28.34787200 9.85205400
11.30060700 29.99969000 10.98626800
10.87813400 27.41207800 12.39099300
9.73668100 26.63629200 10.37105600
8.81717900 28.50514100 11.65436400
10.96715300 28.90020300 10.28761400
0.48954200 20.33030600 19.13260100
2.67962200 20.81898900 20.55454200
2.96905200 20.95984900 18.41640500
2.79037800 19.02152000 19.35779400
0.33173800 19.71395500 17.83362500
0.20656900 21.74764800 19.18763000
0.00429400 19.55459300 20.25278400
2.31782900 20.28029600 19.37678400
23.06414900 11.91034300 28.61280800
24.97972400 13.74688700 28.73469600
25.29236600 12.24938400 27.20663200
25.62974700 11.75955100 29.28545300
23.13004500 10.50636000 28.27131400
22.39473500 12.75488600 27.64813600
22.77633400 12.20069700 30.00020200
24.82397600 12.44141800 28.45240300
26.44558800 14.32302700 8.63262700
28.99939400 13.59143700 8.63820900
28.62012600 15.47036000 9.63873100
28.59658600 15.37162500 7.47888000
25.84593100 15.63819400 8.57902000
26.30180600 13.62411600 9.89072500
26.27507400 13.51232300 7.44700900
28.24998500 14.70711800 8.59533800
25.23706700 23.83979700 20.68503400
22.91400600 13.82332500 22.93951800
23.09960900 25.38602800 19.04983400
19.20411200 0.01439500 0.15922500
7.99741600 24.28801100 1.04937600
5.77750500 6.97897000 23.30237400
28.40296800 18.23432100 4.08938000
16.23748700 13.41558500 0.36541200
10.82616500 2.84831500 21.10620800
9.70621500 11.68940700 18.66087200
8.06299900 26.89374600 17.43813200
9.05260500 21.30805700 18.05557400
29.56398700 3.29631200 29.61859700
29.66283200 10.60207500 21.49093100
20.07628600 8.15955400 12.93917400
9.30228000 0.00354800 23.45368400
6.90399400 12.84801200 3.44987100
29.84139400 29.97890200 0.66308000
6.19398900 10.50243900 1.19594900
18.22228500 19.41656200 5.56454000
5.84311100 29.99953800 7.24788600
17.01871900 1.87578600 0.05312900
29.60436500 23.02976300 12.51507200
10.32357200 19.92978400 28.30847700
8.96548200 24.23129500 7.79805700
17.91496600 15.74436800 16.60809000
26.78922000 29.90690900 21.93857500
29.82511000 8.21456900 15.05344300
25.88181900 21.39155700 17.60329500
19.90877600 25.30978200 12.66708200
16.07169800 10.79839500 29.57050200
29.99997100 23.44297800 15.66554400
6.64554900 8.29343400 21.76506900
24.27432500 14.47349300 9.97640400
29.75971600 1.27433400 26.26263200
7.83067500 11.06294900 2.55532400
13.05684900 4.95816500 28.82119900
19.38309100 1.12094700 12.85722100
18.39886600 10.89594400 24.38928900
18.40676600 10.42226200 24.78932900
18.62814800 11.44705200 24.55683100
7.60108300 17.41442700 2.97739200
8.22083600 17.43196000 2.96918900
7.28316900 17.44022800 2.44576500
12.71684800 21.16085100 28.10046900
12.38408200 20.64280600 28.02722600
12.89627200 21.33649500 28.66731800
13.39904900 25.92025800 11.86001100
12.94303000 26.33242300 11.94147100
13.26414600 25.32045200 11.78003500
10.44736700 12.20971300 6.93349900
10.35055900 12.12758600 6.32657800
10.07030100 11.94218400 7.34655000
18.35990700 11.76689300 21.88803300
17.75878000 11.91118600 21.93594600
18.78628100 12.21665200 21.87118700
16.34886300 6.94130600 5.06351000
15.99873400 6.43073000 5.09801900
16.96543500 6.89210600 5.02131100
29.36919200 15.42148700 22.17222200
28.84624900 15.32889900 21.85217900
29.55456300 15.00346300 22.59085600
1.99728100 5.26838200 2.00940400
2.40561500 4.80481200 2.06264600
2.14970200 5.83894800 2.19804300
3.40836200 4.28985000 7.18580100
3.48332800 3.90272000 6.70728300
3.86561800 4.36605800 7.59747000
18.74879900 0.00984900 20.64268800
19.09964500 0.45965900 20.88568400
18.13252700 0.02802800 20.70780800
1.27344200 11.79771900 4.06158400
1.71759700 12.13405900 4.33374200
1.40516300 11.23611500 3.83440000
19.54291800 9.86143400 3.06502900
19.81788700 10.30734200 2.73332500
19.44314100 9.30407200 2.81253600
24.66532700 29.40747800 14.31042300
24.85565100 29.99754200 14.30201600
25.04917200 28.96067200 14.50378400
0.00625500 24.49969100 24.93345100
0.54579600 24.80423400 24.95829900
0.00036700 23.87984300 24.92268700
13.29063000 16.50631800 29.40135100
13.42807500 16.07089200 28.98184800
12.70064300 16.67335100 29.49287400
12.11286900 23.73101200 2.93708100
12.40133700 24.27856200 2.89908700
11.50749700 23.69006200 2.80976200
7.41060000 20.42402100 1.45457700
7.79762800 19.94271300 1.39961500
7.61178700 20.99856600 1.33717500
10.91773000 5.97464600 24.07048700
10.41351300 5.68961700 24.29183100
11.45832200 5.92526700 24.36995800
10.96739200 5.65504100 28.90319600
10.65757500 5.95262400 29.35032800
10.75644800 5.66531900 28.32030800
20.54526500 6.89555100 2.84342700
19.97390000 7.10445500 2.72354900
20.78187600 6.43047100 2.50864800
15.81794900 13.77415200 25.73045800
16.12588000 13.35174300 26.06395200
15.91186200 14.37837800 25.83269700
10.15747800 16.16519100 3.85583200
10.18246000 16.48127500 3.32297600
10.54771700 15.69381700 3.95524100
25.22359000 18.02500800 23.71094600
24.75502100 18.38279500 23.90304000
25.71246500 17.92980500 24.08013300
0.82950100 18.68903900 27.65734400
0.78255800 18.11462200 27.42862900
0.54262000 18.83627600 28.18685500
28.26370300 17.42706200 0.01263800
27.66003500 17.56748800 0.03094500
28.44376300 16.83395100 0.00003100
7.60773900 7.76250800 1.18723400
7.41756800 8.31665500 0.98419400
7.60924800 7.27556200 0.80351200
2.18936400 2.17196200 6.24905900
2.01135700 1.59108400 6.12511300
1.77215200 2.63054100 6.24989000
25.08046300 23.05955600 12.69815800
24.76898100 22.52785900 12.62926100
25.15677900 23.30315200 13.26313500
29.47073700 19.36431200 20.70186400
29.48725800 18.74460200 20.71430600
29.99539300 19.68961800 20.75908800
27.15678100 27.08977500 9.92416700
26.69974500 27.49325200 10.03727200
27.68844600 27.28607000 9.67284600
22.65975400 18.55914700 25.85479500
23.23932900 18.75022500 25.74501700
22.21744100 18.97217200 25.98944700
15.37108400 19.80363000 29.92565800
15.38691100 20.41902500 29.99986500
15.61251000 19.54656200 29.41576500
1.66639700 21.41647000 28.23727200
1.09929100 21.17744200 28.16160600
1.73822100 22.02839300 28.30621500
8.36678800 10.00547600 4.88980900
8.16016900 9.60742800 5.31798600
8.43798800 9.81976700 4.30260900
1.13732600 6.91141900 9.35021000
1.67948600 6.63641300 9.47228900
1.08148600 7.52611900 9.40841200
18.87791200 7.97274000 14.95610900
19.17816200 7.44830500 14.81723400
19.19263900 8.46378600 15.16630600
17.86665300 20.72745300 13.98136200
17.75454300 21.14810000 13.53982400
18.39104000 20.75610600 14.31084400
6.55324500 5.10502500 19.63725700
6.53801200 5.27856400 19.04217600
7.09733400 5.00570700 19.91737200
4.56628200 16.08857200 25.70736400
3.98733100 16.13637400 25.49057000
4.69731400 16.27271900 26.28467000
19.11706200 22.33816100 12.25967000
19.51291600 21.90159500 12.45248800
18.75242000 22.23143700 11.76976400
0.43579200 23.57400400 14.40644200
0.83539400 24.03164000 14.28252000
0.12000100 23.57420000 14.93995600
26.70548400 0.87785700 3.18477800
27.21541200 1.14651900 3.41339200
26.24457400 1.22723200 2.96148400
5.56496900 9.10135400 4.74872800
5.31204300 9.26361700 5.29110100
6.10653700 9.34696800 4.57340100
14.00800900 2.73701300 10.63982000
13.39948400 2.84386700 10.58739200
14.40246700 3.21202100 10.69578300
28.20598900 11.56992700 18.87030400
28.76375000 11.58591400 19.14070300
27.79433200 11.13630100 19.03422200
7.01061100 13.51474200 5.65170900
7.55580600 13.25734300 5.50687200
6.53852500 13.15774800 5.83623900
16.60410100 13.92478100 17.26150000
16.39406500 13.78531100 17.82798300
16.27927800 14.30539300 16.89545900
2.61996300 20.89831600 0.19294500
3.12523300 21.25690500 0.21714300
2.43439600 20.58970200 0.69760700
22.18262600 12.86181000 4.20788600
21.89152900 13.01265800 3.68160000
22.78601600 12.98724300 4.27532400
10.20447800 13.75310500 13.51596500
10.05409300 14.08373600 14.01849500
10.34927000 13.15286400 13.57171800
5.30982500 27.94838100 27.23189200
5.73336700 27.70798600 26.84810700
4.89058500 27.57946200 27.50114700
5.15495800 13.98146600 19.15415600
5.12063600 13.38273300 19.31166500
5.70310400 14.27111600 19.15428900
21.03332100 15.41455000 18.88895000
21.54495300 15.08461300 18.77128900
20.85083300 15.50534800 19.47445400
12.13579400 27.82904700 28.99859400
12.13989100 27.20901200 28.99562500
11.89910600 28.13979600 28.51716400
3.58169800 4.82203700 28.65675000
3.28898300 5.31333100 28.41713000
3.40465400 4.24890700 28.50010100
19.01421400 24.93603200 17.36330300
19.47373100 24.63394900 17.07684300
18.42597500 24.76130100 17.27495800
24.34621600 9.47016200 3.44306700
23.80016000 9.24137800 3.62732100
24.84234800 9.09983100 3.41036700
18.64995000 17.72651300 18.43592200
18.48841600 17.40621100 17.93017300
18.83707600 18.31522700 18.38337100
21.00313300 1.49499400 10.94246700
20.46710900 1.18331200 10.94364100
21.00128100 2.11483800 10.93014700
19.09334500 14.26841200 18.18056000
18.96863600 14.84566800 18.36948400
18.77464900 14.02056400 17.71006500
27.39707800 27.54410200 14.09768100
27.02886900 27.08447500 14.29167600
27.97063700 27.59937800 14.32645200
19.81891100 23.79172000 22.11045500
19.36948100 24.18063800 21.93375100
19.68472000 23.19974600 22.23663000
8.76937900 28.52746600 13.97284400
8.33630400 28.97085900 13.99069200
9.37004500 28.67992700 13.99064900
4.64173700 21.40836400 29.75616900
4.25460700 20.93251000 29.66582400
4.43509000 21.99047500 29.70319900
0.55916300 10.13920500 18.34621300
0.00131400 10.37752000 18.47458300
1.05813800 10.50696600 18.33448400
11.06032800 11.26636000 15.68892100
11.43345600 10.92426300 16.04699100
10.77813800 11.00918300 15.20046500
15.40820800 17.16040200 4.04758100
15.97890000 16.93768700 3.95178300
15.17927900 17.18932900 4.62300800
18.39861500 25.11622700 19.65005800
17.80905000 24.92858400 19.60916700
18.85258100 24.69947900 19.71786400
20.73399400 12.77956500 23.42415900
20.81530800 13.15639500 22.93850900
20.98716700 12.21364600 23.42322500
17.46895100 0.00000000 23.88621900
17.20676600 0.24625000 24.39128200
17.23401500 0.11999800 23.32517700
0.79686900 3.14144200 2.65676800
0.73466800 3.68266900 2.95286600
0.49900700 2.63872700 2.86393100
17.83559200 20.10237600 29.60314300
17.71092800 20.68753700 29.76597800
18.12853300 19.72606300 29.99929300
11.41097000 23.87348700 5.58806200
11.84044100 24.17977200 5.91396600
11.34183800 23.98716600 4.98253700
18.94877900 3.09100800 13.73506400
19.35651400 3.04591500 14.20002400
18.44370100 3.44482300 13.79889100
9.86102000 27.71533300 16.47260400
10.07186400 27.13506500 16.53008400
9.45185100 27.85386100 16.02791100
21.10859800 21.61123000 20.57034500
21.63503200 21.92585900 20.47899300
20.58251100 21.91586100 20.69197500
11.39379200 14.97429000 16.25335700
10.95350000 15.41082500 16.26036700
11.99177800 15.13679400 16.27247900
13.11607900 1.34870000 13.26636500
12.70712800 0.88296700 13.28426200
12.91736600 1.93411300 13.21982200
17.83237900 3.56299000 19.30384100
17.72711200 3.89107100 19.81935100
17.98133500 2.96249400 19.34356200
20.83885200 23.71380300 26.06689200
20.43751000 24.14538600 25.87420000
20.65434800 23.27340900 26.46233200
6.31331000 26.29005400 28.91713400
6.24766200 25.73509700 29.18580000
6.81180700 26.63729800 29.04076500
16.43731600 20.08808800 3.18546000
16.60597500 19.64903500 2.78141100
15.86440500 20.32417400 3.16549800
8.14765700 25.38746900 13.63910900
7.63806200 25.43955700 13.98849100
8.60533900 25.80195300 13.69471400
26.31500700 8.70832600 24.18358800
25.82540700 8.57890500 23.82580200
26.26058800 9.11534500 24.64806200
7.12196200 28.01676200 10.11487300
6.59293400 27.69436400 10.14051700
7.10752500 28.63656200 10.11367800
26.03134700 16.32235400 20.15478800
25.41160600 16.31403900 20.17271900
26.34913800 15.79030800 20.17202500
12.80026900 17.52122600 19.48390900
13.23232400 17.13676700 19.70749000
12.50179900 17.90783400 19.86576200
24.63119100 5.74082400 6.32022700
24.54477700 5.14422500 6.46538400
24.98343900 5.89354900 5.83344300
16.76818300 7.22561000 8.62153100
16.77989700 7.33345500 8.01103800
16.24954000 7.32976300 8.94483100
10.97728800 12.90352300 27.47521300
11.15868100 13.49645100 27.47632400
11.39429200 12.45192200 27.39443300
21.61115400 16.52417400 29.84939200
21.95678500 17.03608100 29.79499400
21.00731700 16.57048300 29.98205200
11.94190600 17.09584800 1.66442000
11.88896200 17.34167800 2.23119500
11.73421600 16.52209200 1.55473800
14.88844300 21.44122000 26.26137000
14.56365600 20.95285600 26.06016600
14.83189000 21.98941800 25.97739400
11.70326600 20.79965100 9.16461900
11.21084100 20.47987900 9.36394900
11.93452700 20.69235500 8.59949300
6.91318100 21.97948600 8.69591700
7.29518000 21.89905800 8.21417400
6.91992200 21.57703100 9.16745300
25.13577100 5.91319800 20.72172100
24.58651000 5.69623700 20.53275000
25.23158400 6.52461800 20.75841900
24.93176700 18.16316100 1.92131400
25.20777000 18.64661800 1.64825600
24.37134900 18.23037000 2.17778300
21.74988200 24.82836500 0.06746300
22.29302100 24.53058300 0.09566600
21.37851200 24.84349100 0.56366600
3.73295800 5.92868100 19.94101300
3.26557600 5.61662400 20.20301200
3.90667100 5.79715400 19.36059400
29.57809900 2.71673700 21.60082600
28.97400300 2.85642200 21.59589000
29.99996600 3.16720600 21.65972200
24.85042500 17.39455200 18.06307400
25.22728900 16.90217300 18.06082000
24.62470700 17.61461300 17.52923300
27.20466400 11.88677700 0.07960000
26.91770900 11.35759700 0.22824200
26.88876400 12.42021300 0.07569200
17.58981800 20.17062300 26.35015300
17.06146500 19.85816000 26.26252000
18.07978000 19.88655900 26.60235600
11.46642900 20.48576100 22.90658900
11.52985900 21.08158900 23.06607000
11.96537900 20.15085400 22.75411500
4.17156600 22.85824500 19.76848600
4.45458200 22.38902900 20.05867100
3.74918500 23.19870700 20.06855500
14.99182600 22.62174900 29.82976000
14.38642600 22.48776800 29.82684600
15.17850700 23.21293600 29.82655300
14.75638900 12.50622300 8.28496200
15.20858900 12.88830600 8.10058200
14.72486800 12.32635900 8.87742900
3.77186000 4.98414200 24.66633900
3.77093300 5.41808700 25.10923900
3.34139600 4.53798300 24.66858300
16.87962700 29.24632300 7.91841300
17.15688000 29.65957700 8.28830600
16.85040200 28.65030600 8.08655400
16.67154900 15.67380300 19.01999000
17.21027800 15.97936100 19.04955900
16.28500700 15.67934700 19.50467100
21.83045600 15.51704300 5.57195400
22.00071300 15.19701600 6.07500900
21.88482300 15.26226500 5.00937600
7.30180800 0.00027700 14.84969000
6.69313200 0.11728400 14.86679600
7.70807400 0.46821500 14.86822100
23.45891100 15.06466800 17.31186400
23.94357100 15.12266600 16.92949000
23.49786100 14.69468300 17.80780300
1.65693600 26.53073400 18.21571500
1.73423600 27.14444400 18.25877500
2.15049300 26.15884700 18.16608300
21.22987800 0.54498300 17.60615000
21.06420700 1.13773800 17.53089400
20.79624700 0.11061700 17.69362400
29.27901600 7.24223900 12.93728400
29.76137300 7.21953800 12.54832900
29.00366400 7.78435100 13.05835300
29.09285800 1.00242300 11.14647600
29.63690100 1.29807800 11.17924000
29.02958700 0.44053900 11.40073000
0.91998000 27.74465700 6.64983900
1.36790600 28.02298500 6.32370400
0.45803700 27.45347700 6.35626600
14.82520000 2.42855800 17.88229700
14.53723800 2.51150800 18.42512900
15.06659900 1.87532600 17.74079600
17.79678000 2.32590100 15.71549300
17.85509000 1.70872100 15.72804500
17.29205200 2.58456400 15.46508100
16.99131400 24.21524500 13.11743100
17.37480400 23.72832300 13.13509200
16.37804300 24.12631900 13.09862900
16.50796100 21.74682400 15.83805600
16.74661500 21.39482500 16.28928800
16.76378600 22.29562200 15.70488200
5.84563100 0.40223700 24.13106600
5.37401100 0.00008100 24.11330800
6.37516600 0.24672700 24.41350300
4.68892200 8.49012500 15.43746100
5.20592700 8.16869900 15.31973600
4.72662100 9.07805500 15.63053700
13.06690100 27.33617600 17.42831800
12.85459800 27.59769200 16.90773600
12.99299700 27.62414700 17.97235200
20.81788400 2.36291200 19.94936900
20.69589800 1.82923300 20.24053200
20.82946400 2.38242200 19.32981600
18.51253600 29.45342600 29.69518800
18.21825100 29.98819800 29.80420100
18.27750000 28.92106700 29.90899700
3.28053400 29.14809500 12.83633100
3.73068900 28.81185500 12.57408600
3.19514000 29.73811800 12.66620500
16.31874100 10.25215800 11.46825600
16.53296400 9.80339500 11.09786500
15.82967900 10.59094100 11.29388400
10.26896800 19.58710800 12.36615200
10.38699600 20.09821300 12.69677300
10.42858400 19.56133500 11.76763700
21.47132700 11.78619300 25.70447700
22.05320000 11.57217800 25.71400000
21.36474900 12.39603500 25.73758600
24.65078300 4.43776500 26.66811500
25.14868900 4.64912700 26.97124100
24.24740800 4.06540800 26.95621300
12.63363400 12.90868900 6.40199300
12.53476100 12.34061700 6.17398700
13.21151100 13.09802200 6.52271000
21.95258200 27.97352600 22.04426400
22.29560400 28.37666100 21.72132900
22.09853600 27.37098500 22.04232800
24.20211100 20.07028400 20.21763500
24.67116700 20.39095800 20.46587500
23.81005500 20.34778100 19.82565400
4.97892200 7.85823300 20.13306800
5.19640000 8.43868500 20.11730200
5.37298500 7.37985100 20.14812000
7.68412700 29.13080700 5.34054000
7.47548100 29.47007900 5.81575600
7.29013800 28.93166700 4.90525000
7.17861600 8.52119900 8.04286100
7.77088800 8.53198400 7.85964900
6.90880600 7.98223500 8.18805600
27.02854800 10.78415700 27.41510000
26.55571600 10.52285100 27.71943200
27.61028000 10.60607700 27.53442000
18.52178800 7.67677000 17.10820400
19.05611800 7.36445600 17.07051400
18.08273800 7.49311700 17.50553100
19.14384300 13.27510300 4.98561000
18.92015100 12.99223300 5.49000600
19.24821600 13.88617200 4.99351100
8.57129500 20.35865600 23.44148300
8.35894000 19.78570200 23.54683200
8.17349000 20.82163100 23.33300900
27.65980000 24.21353000 14.05504300
27.83113600 24.76522900 13.82978500
27.06006800 24.05703300 14.06889500
25.99540700 24.27710900 23.81322500
25.56523900 23.90624800 24.06199400
25.95253000 24.89168800 23.88262200
3.82910800 26.81198600 6.77678600
3.80027400 26.44691200 7.27714400
4.02635700 26.58174300 6.23600600
13.27673600 12.21732800 11.51984800
13.46995300 11.99545200 12.06565700
13.67804000 12.28132700 11.05163700
25.94295000 20.34597800 12.31969400
25.45091100 20.53034300 11.99048900
26.51505100 20.43301900 12.09723800
29.47718200 27.34441600 29.68847700
30.00284000 27.26840700 30.00844000
29.20620300 26.85724700 29.41718900
6.85373100 21.25994300 18.09497800
6.29335600 20.99947800 18.04391900
6.91382500 21.81631600 18.36181200
8.33520900 25.66123000 21.93710400
8.11744400 25.63690100 21.35705500
7.98483800 25.46242900 22.40835800
17.03661200 13.86041500 21.19768500
16.57207100 13.99984100 21.58398900
16.94499800 13.87495200 20.58469400
4.28229700 9.05587800 12.76067600
4.51312700 8.59177900 13.10096800
4.51100500 9.16958800 12.19576500
16.92932500 19.80393400 18.51679900
16.96221900 19.34964400 18.93752100
16.70799800 19.68594300 17.94982900
3.96363300 5.29404900 15.95561000
4.21108900 5.86258500 15.95498100
4.33178200 4.79574900 15.97853900
9.09480800 28.43671800 6.88835500
8.89740800 28.53623500 7.46766400
9.25784600 27.86571900 6.71019900
13.43667700 12.25404900 1.60548000
13.23245300 11.76161300 1.92213300
14.03396700 12.29277900 1.44390800
22.94193400 1.18823200 22.45012600
23.34425500 1.57884000 22.71476300
22.51555100 0.90071900 22.79638400
18.19343600 10.75624500 13.28522700
18.24423300 10.76350700 12.66729800
18.40021600 10.26869400 13.60755900
9.59109500 4.19735800 12.36138700
9.07887600 3.92699000 12.58274900
9.86352000 3.97436500 11.85107300
13.19852800 20.25067300 19.65671600
13.42767500 19.81552400 19.27908300
13.55516700 20.49415300 20.10156100
12.78022600 10.49551300 26.84580000
12.45319000 10.09202700 27.18449600
13.06252200 10.30747100 26.32684900
2.40829200 0.00504300 18.92796800
2.80293900 0.42818300 18.70508900
1.82094900 -0.00580600 18.72979600
13.08319500 26.81367700 2.00796400
12.84778900 26.24004500 2.00765900
12.77301900 27.27619600 1.73551500
16.97930900 11.81368600 4.32292700
17.29564000 11.66155600 4.83406200
17.12671200 12.32727600 4.00850800
27.15995400 12.96175400 13.59540400
27.59598200 13.40260300 13.59636100
26.58894900 13.09094500 13.39138400
7.29823700 25.15268500 24.84304800
7.84250800 25.41374100 24.70131800
6.81948700 25.50745300 25.01421800
26.29556400 4.71042300 13.10039200
26.49217700 4.72780400 13.68819300
25.90685900 5.14543100 12.89053900
27.53916100 29.40832400 19.16111900
27.51720900 29.28513800 19.76841800
27.54671100 29.99611000 18.96411100
8.44701700 1.84740600 20.20906700
8.75724400 1.32537000 20.08373900
8.74291500 2.39219600 20.20596300
5.68624300 14.90876300 14.72371500
5.92155000 14.80808300 14.15894700
5.45100000 15.46417400 14.86703400
12.85251200 9.04863200 16.42401400
12.67035800 8.86596200 15.86017000
13.13619900 9.59513900 16.49621500
4.48883500 27.60053200 17.52179000
3.91593800 27.73634900 17.71624300
4.96221600 27.60902300 17.92204000
3.71180100 15.86930400 11.94433900
3.75989700 16.48390900 12.01079600
3.52943400 15.62941500 11.40252900
20.50181400 28.36126700 23.96758100
20.14570700 28.39961600 24.47373000
20.81570900 28.85844400 23.77099500
0.76020700 0.61311700 4.35061400
0.45896900 0.07115700 4.35275200
0.49697800 1.11508600 4.60180900
24.00262200 5.15134700 15.43820800
24.50443500 4.80131000 15.53884000
23.43976400 4.93495000 15.58216900
19.15430400 0.07623200 15.00644300
18.67980200 -0.00020400 14.61468500
19.73240400 0.12385900 14.78759700
16.53986600 9.79774700 8.63977700
16.97982100 10.09165900 8.96307900
16.49628500 9.88280500 8.02721900
17.56467600 4.32613600 29.56086100
17.13101600 4.26599800 29.99994100
17.84439100 4.87258900 29.47420000
18.04135800 29.37978100 3.93168800
17.88102900 29.01842200 4.40937300
17.71365600 29.89080900 3.80589200
19.77614900 4.77535500 23.09456500
19.19963100 4.94660200 22.94366800
19.88587600 4.19909900 23.29519000
17.94054000 4.93723000 15.96622500
17.34891700 5.07483200 16.09079000
18.34201400 5.38963700 15.83017900
15.02092600 26.73438000 28.33520100
14.76061100 26.78568700 27.77477900
15.46508500 27.13082300 28.50816800
19.98796600 27.50796300 16.66200900
19.67233700 28.02867300 16.54493000
20.15679700 27.13625200 16.19543800
15.54396300 10.93517200 22.63455500
15.08655500 11.10737800 23.01612000
16.10327500 10.79708700 22.86360500
0.38685400 19.25937200 1.16176800
0.78656900 19.32152000 1.63169800
0.34713300 18.72050100 0.85779100
10.18037200 2.76749100 25.81520300
9.71818500 2.47267200 25.52549000
10.11329000 3.36086000 25.98186100
6.71623100 21.49613700 20.78737100
6.29652700 21.23861700 20.41054100
7.24040600 21.73046400 20.55350600
3.26253300 18.20960900 26.04829000
3.57758900 18.74365000 26.05134500
2.64259200 18.21542100 26.04733700
10.83012400 16.85520800 18.06273300
10.81595600 17.10842100 18.62855300
10.69469900 17.19976400 17.56543700
13.01706300 5.08293400 13.90714100
12.50110900 4.99355600 13.57506900
13.17736900 5.65547900 14.08280000
11.99138400 14.89092000 5.69881100
12.36534300 15.34361400 5.49958500
11.40832100 15.02094400 5.86462300
28.61110400 8.51927800 20.06061600
28.26286700 8.86144200 19.67835500
28.64956700 7.90586400 19.97934400
8.01452500 22.31771600 29.85491900
7.39989300 22.26804200 29.91995300
8.25451800 22.78301500 29.52286200
1.49955400 16.18856700 20.46041600
1.11811900 15.70017900 20.43910100
2.11344700 16.10234100 20.46824700
17.90265600 29.47680200 13.45284800
17.28276400 29.48926200 13.44593000
18.22183100 29.99497600 13.57110600
25.53964700 16.71368400 29.51931200
25.90811400 17.13822600 29.78097000
25.50592600 16.67081500 28.90174700
9.21017500 1.38028200 0.08053400
9.76028000 1.59593900 0.26853800
8.73754000 1.77164600 -0.00785100
28.24260300 11.00850000 3.88216900
28.27514700 11.22497000 3.30203900
28.75572500 10.81087000 4.16854200
4.45166200 0.57348100 4.09001300
4.79738400 0.67150200 4.59532300
4.26133000 0.00004100 3.95108000
1.64386800 14.72500100 26.60732000
1.93817900 14.73350500 27.15301000
1.34722400 15.23126900 26.40717900
9.50052300 6.42703700 16.20995400
9.04994600 6.15349300 16.53648500
10.09293700 6.27498400 16.31138200
12.11228300 29.38181700 15.07209700
11.80020500 29.07751600 14.63110200
12.07878100 30.00000000 15.10510600
28.27930600 9.75545300 15.97766800
28.16685100 10.27231400 16.30120800
28.19567200 9.74988600 15.36339100
8.24665000 28.92371400 19.53160500
8.40725400 28.53338200 19.07738400
7.74107100 28.81151700 19.87243300
1.60383400 12.49637700 16.18317000
1.11897500 12.62879000 15.82006100
2.05463200 12.91442700 16.26302700
17.17195600 20.02688700 11.42605400
16.68563500 20.37270700 11.59448400
17.12405300 19.63750200 10.94600600
28.09128100 21.67662200 6.52077100
28.59617000 21.92776800 6.26293200
27.52725600 21.86378000 6.34410800
27.90497600 25.67816900 1.38185100
28.00898500 25.46490400 0.80899100
28.13295300 26.22842100 1.55393000
22.91563300 29.43466500 9.97732900
22.80924400 29.99916400 10.21076100
22.50534300 29.17671400 9.59069600
15.80897200 22.13198300 0.86084600
15.50979900 22.62882900 1.08018300
15.48858300 21.65465500 0.62874400
2.41488000 24.04474900 3.20405000
2.61501500 23.66372800 3.65041100
2.76030200 24.53035100 3.03306300
9.91546400 2.80055600 9.26284100
10.29157400 2.31006600 9.21355000
10.00710700 3.29864700 8.90525300
29.47362700 20.50655300 24.45647900
29.14279500 20.92418300 24.77366100
29.18500200 20.06397600 24.13216000
19.27367100 25.90185500 10.31600300
19.40744800 25.29706300 10.28772400
18.68852100 26.09361100 10.24395900
1.81244200 3.49394200 0.36248900
1.25351400 3.35270500 0.13418800
2.32119100 3.38818800 0.02432800
15.62745600 13.48237400 28.80577500
15.10459200 13.61221800 29.11273100
15.76482800 13.78813100 28.28423600
29.25514500 1.50601600 15.82084000
29.55485000 0.98436900 15.67074000
28.65217600 1.48694300 15.96376000
16.25124100 27.18082700 2.23365800
15.98851400 27.28592200 2.78538100
16.81690000 26.92898000 2.20260300
19.78295500 13.22136300 28.77241400
19.62344300 13.49920700 28.24154000
20.36532900 13.02654000 28.85753700
3.81340300 29.44830600 24.83619300
3.92895100 29.99508000 25.10481200
4.11689000 29.28595800 24.32053800
28.92341900 2.47638700 13.38575800
28.41237700 2.13271600 13.31367900
29.48091000 2.20524600 13.39265500
18.27378700 6.66925000 20.49622600
17.96719700 6.13030000 20.49837700
18.89374300 6.67322600 20.49600700
2.84964300 4.81225200 22.30296700
2.47962000 4.32438400 22.20530900
3.46545700 4.74189600 22.28939500
24.40444200 11.21935200 18.85449300
23.86263600 11.47821700 18.69988600
24.41491000 10.66840000 19.13857800
24.28260000 17.87310500 21.63041700
23.78694200 18.05117500 21.95765200
24.33021700 18.02657800 21.03163500
20.41895400 4.86303300 6.81516400
20.82882400 5.03642600 6.38341100
19.81595000 4.98359300 6.73633600
13.14972700 6.23431100 9.23831400
13.56044500 6.34579600 8.78736900
13.13559700 5.67944700 9.51451700
0.00043000 3.84106400 27.15229100
0.46922200 4.24671800 27.14012300
0.11741700 3.23230000 27.16131100
13.76124400 12.90274900 27.07723400
14.03462900 12.76901200 26.53700800
13.59556300 12.44596300 27.46227600
24.99999800 16.42627200 15.50706400
25.46120500 16.01875600 15.58248600
24.94846200 16.74125300 14.97556500
27.31072600 10.58135900 21.27816500
27.54955700 11.15066100 21.22051500
26.86084500 10.39366700 20.89509800
22.50263500 7.26119300 14.50350600
22.47547800 6.64862500 14.59566200
22.60387600 7.48484500 13.93421600
24.28652100 29.27408000 19.97075400
24.85346500 29.12040900 20.16932200
23.78612300 29.02353300 20.23756700
22.14878500 27.63933600 25.71139300
22.71322600 27.86900600 25.59681900
22.07733500 27.18589500 26.12810300
16.09706400 2.32470300 28.64883900
15.92270200 1.73165900 28.60019900
16.68546600 2.46464900 28.78507400
24.15410200 0.27843800 14.50773400
24.65750700 0.00209300 14.27388500
23.60025900 0.00356900 14.46226200
23.62161300 18.24064400 28.41743200
23.11138500 18.57956600 28.51370700
23.58309300 17.62233900 28.39342300
6.48142600 3.14628200 0.22703000
6.25027300 2.57228800 0.26662300
7.09339300 3.23115800 0.17551500
28.44541600 22.25093200 14.66435000
27.86394800 22.03584700 14.67451300
28.91610700 21.86635200 14.54224300
18.48585200 20.92426600 9.34619000
18.84988400 20.53242800 9.03248200
18.55417300 20.98756800 9.95912300
6.17425200 22.96624000 13.60744900
5.99079400 23.44247900 13.25530100
5.75354000 22.61360900 13.89557100
24.58726800 11.71259600 10.53599000
24.59536700 12.33257300 10.54156400
25.00597300 11.40009100 10.20224000
1.04145300 16.07137500 29.07676100
0.77206300 16.62927900 29.05143500
0.73460700 15.56976200 28.88031400
7.64582300 12.35361200 8.26459300
8.22215100 12.29634900 8.48603100
7.55509100 12.46483000 7.66146800
22.13178800 16.45060900 27.17669800
22.29115600 15.92925900 27.47210500
21.53381000 16.60365000 27.11871400
10.55515400 23.51537300 13.97703600
10.09945600 23.47435100 14.39551700
10.45775900 23.33002600 13.39349300
5.06279200 23.38140100 22.09668300
5.64963700 23.57448200 22.14961600
4.60818800 23.79279600 22.00476000
22.78065800 7.50343700 20.61814700
22.19959700 7.31346500 20.51447700
22.94192600 8.08923800 20.49489300
6.88222000 6.23447400 15.08548200
6.88768200 6.23952000 14.46547100
6.34579200 6.29037200 15.39123000
22.93821100 10.24265200 21.59531200
23.45844600 9.90636100 21.62238800
22.39197300 9.96228800 21.50939300
15.65763500 18.97598200 22.21149100
16.05544100 19.35672800 21.92644400
15.62460600 18.96910700 22.83054200
26.21413300 20.26921200 28.21357700
25.99918000 20.83612800 28.08369400
26.73348500 20.06517400 27.94338400
23.37225500 15.49119600 20.23590500
22.87866600 15.49955600 20.61109800
23.56606600 14.95587300 19.99049200
21.09229400 4.08095100 4.41943900
21.63394400 3.83191600 4.58992500
21.08045800 4.62968700 4.13114900
13.61808700 15.66156000 2.88793700
13.05963100 15.39237000 2.89943800
13.66821000 16.27485600 2.96354800
20.20946400 19.41385000 28.20527100
19.59995800 19.50969700 28.26679000
20.49417000 18.99180800 28.55908600
29.36146900 8.46636100 27.01979800
29.67334700 8.99942900 26.96466800
28.74202000 8.46557000 26.99442200
2.54520000 15.16756500 14.32628500
3.03553800 15.06120200 14.69059800
1.98437900 15.24969200 14.57747600
9.98646200 18.23651400 21.73075500
9.97401600 18.26253100 22.35014000
10.06288600 18.75538800 21.40016400
15.21120300 17.58887500 20.56325900
15.33389400 17.08553500 20.90394100
15.48610400 17.66521200 20.01283700
8.52874900 5.64214500 22.13446900
8.02682000 5.70792300 22.49253300
8.47018100 5.63234400 21.51735100
5.72701000 20.35258200 11.18057200
6.27425800 20.36991700 10.88955900
5.58772200 20.78271900 11.60476900
12.99057800 13.09484900 15.15391700
12.39401000 13.25639900 15.20368400
13.14373300 12.50390400 15.04579500
29.72680100 16.18806400 15.84933400
29.16680700 16.18588000 15.58311900
29.79575200 16.40892500 16.42451100
19.26199000 28.62454700 0.75181400
18.68128300 28.65593200 0.53672400
19.52970700 28.07270600 0.84215200
15.75157500 27.49753700 25.68488500
15.94617000 26.96225600 25.92999000
15.89750600 28.03469000 25.95789100
14.75484900 14.12070200 19.83190300
14.60601300 13.57506500 20.08606400
14.37937700 14.60880000 19.90361300
25.94470700 6.78256500 27.96877400
26.20483600 6.37506100 28.35703000
26.07724300 7.38616300 28.01842400
13.79544400 14.31416700 0.52391900
13.18647900 14.42424900 0.56280700
14.10104800 14.44362300 0.00026900
0.63843200 13.42920600 20.03236600
0.24099800 13.79814500 19.73170100
0.43048200 13.03656300 20.46474300
19.74324600 1.17693100 23.85839400
19.57297100 0.63873500 23.60183900
19.81140600 1.68128300 23.50435200
21.45694300 4.02383800 1.31597500
21.76867000 4.55879100 1.28249400
20.83733600 4.02689300 1.33693400
3.17738400 21.00131600 12.86004000
3.78799500 20.89364100 12.86542400
2.96525800 21.58383200 12.86629500
19.84487100 5.79169200 26.19921400
19.27587600 5.99071300 26.34448700
20.16341600 5.44326700 26.60107300
26.34952800 2.20334200 14.63911900
26.13185600 1.67180300 14.40555000
26.75078200 2.19302000 15.11161300
4.40376000 9.72621400 21.99606900
4.69974900 10.10418900 22.38849000
3.95019300 9.94702400 21.63567800
19.75041400 8.75806900 26.20296600
19.29797200 8.45866000 25.90276700
19.60968500 9.17173600 26.64278000
19.83785900 1.51502500 4.24446900
19.90537800 1.94714400 4.68399600
19.27749200 1.27719400 4.12705100
2.72987400 23.88507600 17.71757800
2.73880400 23.77909600 17.10671200
3.26007900 23.89178200 18.03882500
3.57023500 16.31176700 18.36600000
3.45040800 16.89206100 18.54867200
4.00516800 15.97889300 18.65650000
21.84206800 5.54063300 17.08044500
22.36209700 5.80462100 17.29103800
21.51811700 5.81236200 16.62703600
25.91028800 26.77277200 6.43682600
25.63723700 26.23590600 6.28955900
26.52856900 26.80853400 6.46530400
12.59399800 6.28257600 16.79326300
12.11833800 6.11563100 17.15429600
12.82734300 6.85556300 16.83324400
17.21585600 16.01175100 8.94223300
17.20085900 16.55565100 9.23958300
17.75891700 15.73412000 8.83102700
8.98291000 9.47405300 29.73743500
8.89023900 8.91990200 29.99972700
9.55647100 9.65221500 29.58365900
15.17611600 24.82134900 1.90799600
15.72850500 24.75239200 1.63490300
14.99040800 25.38268900 2.09446700
22.14931300 25.33415500 16.16261700
22.57353100 25.78088000 16.23293600
21.58092000 25.47561600 15.95944300
29.48582200 27.66299900 19.57916100
28.93179800 27.66302300 19.30072600
29.99921800 27.55771700 19.24794800
15.13803200 15.97892600 7.46591200
15.61679600 15.92723800 7.07529400
15.20793100 15.82925700 8.06346900
6.12798500 18.28444800 24.96509300
6.04899700 18.72171200 25.39756300
5.88904100 17.71858100 25.04913300
25.72312000 27.22044500 25.08008700
26.17914500 26.94682000 25.39889800
25.30543600 27.57079000 25.37531500
0.56082700 20.10936600 25.24503800
-0.00112500 20.36545100 25.18937200
0.61658300 19.52351600 25.44005800
9.09275200 4.13538300 0.00010000
9.66455900 4.02293200 0.21190300
8.83541700 4.69322400 0.08348500
26.72637400 13.29099300 19.63539400
27.32120000 13.43569000 19.73395100
26.27848400 13.60513300 19.92706400
5.24909700 21.07488500 4.66501200
4.72830500 20.86796300 4.93039400
5.68606000 20.67349800 4.48525400
26.38014000 1.35830200 24.82841600
26.51726600 1.87563100 25.14152200
25.90917200 0.99986500 25.01300600
5.72750400 26.45213600 12.96197300
5.69320700 25.83802500 13.04046000
5.98700600 26.80655600 13.39947400
8.54013900 28.41143100 22.06970600
8.27643000 27.85267300 22.12182600
8.18607000 28.91853000 22.02672300
9.46338200 25.87264800 5.30845700
9.27212800 25.50500900 4.84722700
9.90920600 25.68007200 5.69383600
16.83751100 11.34716800 1.41157900
16.79423700 11.43963800 2.02317200
16.77317100 10.77605400 1.17909000
0.57270700 25.54536900 22.34863200
0.79787200 26.12225600 22.31746300
0.95880400 25.06058300 22.33209000
2.10394500 9.87485700 23.41364700
1.48692200 9.84505600 23.36013100
2.37117000 10.38673700 23.63932600
7.67469500 13.75978500 16.53210200
7.18540300 13.43051100 16.72352100
7.60610100 14.35674900 16.37949000
4.37030400 28.98994300 8.64827500
3.85468400 29.12459400 8.33129900
4.74016500 28.53029900 8.45777300
15.28774100 2.42786700 2.48945200
15.80104200 2.39706200 2.83592400
15.23623500 2.86168000 2.04955000
15.62038200 16.13588200 29.83414600
15.39874900 16.69036700 30.00116200
16.23255200 16.03987300 29.81437100
5.72130800 19.59725200 22.55238900
5.82965300 19.49848900 23.15486400
6.11905700 19.93450600 22.21710300
8.32879500 13.23140400 0.35630900
8.28053600 12.72523000 0.00144600
8.17708400 13.78680900 0.12637500
8.67217600 1.42742400 16.90653600
8.35010400 1.95727000 16.90509700
8.37458700 0.88380100 16.92317000
16.91572200 11.87451000 15.74842600
16.59199000 12.39853600 15.67727000
17.53258500 11.89665100 15.80631900
13.97517000 13.45668900 4.11942400
13.76507300 13.87660800 4.52438900
13.62350500 13.28761600 3.63764900
26.21512100 18.24042300 10.59837800
25.70156700 18.00177300 10.34583800
26.73660800 17.90557800 10.61546100
23.61218100 20.09568000 13.94386000
23.24086700 20.55953200 14.12116200
24.21925300 20.12008000 14.06727100
10.79392600 2.63581200 2.60169000
10.38564100 2.34426300 2.23731200
10.61529300 3.12517200 2.93781300
23.96093600 25.29960600 24.94909400
24.09740100 25.80972700 24.62409800
23.67395200 24.82408100 24.67363400
12.75130500 7.90964300 29.25574300
12.85239900 7.35242200 29.00324800
12.20822100 8.03253700 29.52835600
24.40530300 10.02021800 7.38844400
24.80034200 10.41639100 7.12112500
24.56741000 9.42714200 7.46809900
20.12837800 17.74199300 25.36955500
19.52899700 17.58973900 25.41460700
20.55415400 17.30093900 25.27709900
27.16119500 27.64908500 22.97734000
26.75748900 27.99524100 23.29619300
27.48808400 27.90112800 22.51476100
6.91286700 20.22877500 13.34180400
7.41725900 19.89430400 13.20694600
6.94119600 20.84807900 13.33709500
20.41232800 15.30081400 13.09343600
20.98615200 15.37516600 12.87057500
20.11695300 14.76134400 13.01541100
1.21688800 22.22665600 16.61834700
0.59697300 22.21690000 16.60944300
1.53811500 21.89534000 16.20433700
7.95714100 0.61864900 2.38033300
8.14153300 0.51708500 1.79710600
8.13583300 1.13296000 2.67683700
4.73302400 18.53319600 10.43066100
4.59319100 17.92957200 10.40713300
4.33115900 18.95313300 10.21497900
3.17939200 12.74384300 0.28541700
3.10798300 13.34218700 0.43154800
2.78273700 12.32142500 0.50584500
12.66189200 6.80572400 25.98743000
12.61032000 7.37946400 25.75801500
12.90307500 6.71804700 26.55179300
5.13491900 21.88021000 7.16332500
5.14476100 21.38129000 7.53136100
5.61758400 22.00252100 6.79395200
0.45711400 22.24021300 8.34530000
0.28349600 21.68139200 8.14025100
0.48848100 22.71865000 7.95226500
10.62592900 4.14772800 5.79566300
11.16481000 3.92448400 6.00599200
10.25849700 4.47617800 6.17179500
13.00158800 18.93806600 10.34344700
12.38430100 18.93781400 10.40198300
13.31339400 19.47387600 10.35016800
22.59037700 8.69021800 5.65355600
22.36813400 9.26843400 5.68081700
23.20268700 8.59363300 5.64307400
27.57508300 26.33786800 20.41617900
26.97629500 26.21798100 20.52364700
27.94867800 26.49558100 20.88512900
28.64917600 21.34717000 26.96453100
28.06156200 21.37458900 26.76850600
28.95208000 20.80624400 26.96143400
15.52312900 11.46728400 13.36420100
15.98611400 11.79863500 13.60980600
15.11581400 11.18193200 13.73437700
17.80977500 8.07798700 11.58049600
18.03410700 8.30669200 12.11138000
18.18775000 7.78838600 11.18347200
14.70431100 5.90840500 15.79218400
15.22459400 5.57114900 15.79784400
14.73623000 6.52754800 15.78994300
7.65341000 13.27129600 18.96410200
8.08242500 13.64791800 18.72208700
7.76464800 12.66304000 19.00895600
2.84873400 23.04255100 6.03462500
2.90348400 23.62575600 5.83129500
3.35568800 22.71372800 6.17331300
21.71143300 16.93950800 3.57760600
22.20787900 17.14024600 3.89019900
21.14159100 17.06497900 3.78712500
16.08277000 8.85731400 2.86471200
15.91385000 9.44997000 2.93322600
15.65124300 8.41287900 2.83973000
3.24272500 17.90713600 2.39042100
3.19295600 18.51709700 2.49011900
3.49774800 17.69866500 1.86519300
4.61236700 7.15793100 1.94279000
4.02124400 6.97569400 1.98558000
4.76114000 7.64811100 1.59357300
4.91180400 13.18973400 9.18609400
5.02636300 13.55926600 8.70154200
5.27598100 13.21382000 9.68724900
0.15943200 1.53932300 17.80752700
-0.00218700 1.12282400 18.23750000
-0.00147200 2.13410300 17.87614700
26.81049000 8.72542800 13.04011200
26.82950600 8.11145300 13.12462800
26.50290500 8.96244100 12.55681300
18.81749900 11.64021300 18.71343400
18.13088100 9.57980100 18.75699700
19.75916000 10.15689100 17.44973100
21.32203900 10.88645200 19.73186400
20.19507800 10.05329200 19.78373300
19.22412400 10.35390500 18.65918100
19.64130700 10.13919900 20.72323200
20.53576900 9.02561500 19.67056200
21.04755500 11.79540400 19.89558200
26.02363300 13.06360900 22.04391500
27.63480100 12.46711400 23.37319000
26.08265500 13.80488300 24.07638700
24.13437800 11.75337000 23.65390400
25.51378900 11.52018400 23.75256300
26.31861100 12.72905600 23.31825200
25.84944800 10.67196800 23.14877100
25.74315700 11.31897800 24.79750600
23.90170800 11.86914000 22.72611100
24.29247600 10.41988200 16.56492100
22.18041600 10.60778700 17.03665500
22.81133600 9.47415700 15.30169300
24.20330800 7.65002100 17.00988600
23.19843800 8.52567200 17.44618600
23.11393200 9.76120300 16.57208200
23.34305500 8.86512100 18.47602200
22.24760700 7.99968800 17.38091100
25.06033800 8.07578500 17.12197500
25.10662200 7.74614200 8.80601600
23.37175900 8.97280300 9.25789600
23.14909300 6.83745100 8.96812800
24.83116600 6.36295300 11.23274000
24.18810100 7.58167800 10.97185300
23.94252700 7.77918000 9.48914500
24.75288000 8.44889800 11.32633200
23.22287400 7.56273800 11.47482200
25.71492500 6.38666400 10.84966400
26.16441400 11.67142900 2.86569300
24.14928800 12.44862500 2.63358500
25.25929300 12.82884800 4.45473500
27.21818100 14.27153500 2.94994400
25.92456500 13.98705400 2.48895400
25.36704700 12.72948500 3.12568900
25.87604100 13.85152700 1.40452800
25.28168200 14.82035200 2.76701200
27.81572800 13.57510900 2.65623200
24.95828600 24.69675800 9.06379100
23.64670800 24.29346900 10.74776300
25.52099700 25.33600700 11.05342200
24.60192600 27.46325300 9.37618700
23.76108800 26.51327900 9.97403700
24.48273500 25.20340200 10.22139100
22.87433800 26.28788300 9.37439200
23.44185500 26.91029700 10.93604900
24.84273400 27.15794000 8.49463500
13.39769100 22.52958100 18.59517500
11.67524700 23.48861500 17.68299100
13.67627500 24.17889500 17.22183400
14.28904200 21.62293700 16.09286400
12.98656400 22.09346600 16.31430700
12.93741400 23.08936000 17.45602300
12.27631600 21.29505000 16.54836200
12.65775200 22.60060100 15.40893700
14.57318400 21.11430800 16.86026100
21.43098800 1.38924300 15.37670900
21.98064100 3.36774700 16.08526000
23.47907900 1.81036700 15.93518300
23.05709100 1.68799800 13.10853500
22.66833900 2.76666600 13.91614400
22.39895800 2.32984700 15.34245400
21.76696200 3.27002800 13.55441300
23.48770500 3.48319700 13.93104600
22.31930800 1.07327000 13.03027400
7.59878300 23.97803300 3.53602700
7.07483600 21.88551500 3.28011400
6.23517200 23.02491200 4.92023800
4.94822100 24.76015000 3.04522100
5.43849900 23.48483300 2.72886700
6.58889600 23.08711200 3.63227200
5.79290800 23.40561400 1.69696600
4.62980800 22.77140400 2.87731500
5.63079200 25.41373700 2.85744500
19.18555600 8.21604300 9.12839000
20.32871100 7.44813600 10.80831700
21.34348700 8.10170100 9.00933100
20.35079900 10.75257200 9.42216900
20.40422200 9.76816300 10.41965100
20.32614800 8.37233800 9.83372400
19.59863500 9.85805400 11.15426200
21.35910000 9.86639000 10.93303100
19.48549200 10.72365300 8.99938600
12.15876000 9.66011100 20.40939400
12.31045700 11.74589900 20.99686000
13.25578100 10.20684500 22.19308100
14.92842100 9.52220700 19.97575600
14.23379800 10.73496400 20.09239200
12.98572400 10.58627200 20.93970500
13.92447400 11.14638800 19.12711900
14.89233700 11.44954900 20.58299800
14.38504200 8.89578200 19.48517400
10.90763500 2.12448600 17.05839300
12.19011800 2.16118000 15.30552900
10.15048400 1.44842500 15.14695900
9.19605800 4.03317200 15.91581000
10.48950500 3.78305600 15.43485000
10.93193800 2.36355400 15.72981100
11.24213500 4.45334100 15.86025500
10.47377300 3.91465400 14.35437200
9.20484800 3.98532300 16.87808500
17.61804700 17.73845900 26.49319900
17.20233600 18.27363700 28.55703300
16.25622600 16.53772600 27.67116400
18.82582700 15.33672300 27.30005100
18.57309600 16.39759200 28.18184900
17.39520700 17.23595400 27.72636800
19.42683900 17.07175600 28.29729800
18.32921300 15.97154000 29.15344600
19.10726600 15.69513600 26.45112700
21.54837700 24.55931900 9.08718800
19.86538800 24.13046400 7.78247500
21.87042400 24.24560100 6.97016600
22.64790000 22.02401300 8.59591500
21.31788800 22.35051800 8.29367900
21.15324500 23.83237000 8.02028100
20.61955100 22.08783400 9.09369500
21.03866200 21.80741000 7.39253200
22.89261600 22.44462800 9.42750100
13.83674200 6.60479000 5.44446200
11.77929500 6.02713200 5.83416300
12.36318500 6.70998400 3.86285500
14.14729900 4.48610700 3.62985100
13.09083700 4.55427400 4.54970300
12.75871700 5.98720800 4.91594400
13.29861200 4.02021300 5.48153400
12.21294600 4.11291700 4.08118400
14.95031900 4.81300100 4.05013400
11.92998600 8.22616900 10.17909400
12.87218000 10.16522500 9.91268200
11.52878300 9.82769600 11.57840300
13.30371700 7.82742400 12.59403600
13.67268100 8.80516500 11.65874200
12.48756100 9.26683800 10.83407000
14.44110600 8.46169500 10.95999000
14.05686300 9.66279200 12.20817700
13.02182100 7.03487900 12.12419900
13.48822500 4.49512900 18.94367000
12.86375300 6.16823700 20.18035200
14.15819500 4.63492900 20.99684100
16.16717400 5.32146000 19.07964000
15.09328000 6.15412300 19.42649400
13.89578000 5.35519400 19.90130300
14.75578800 6.78548100 18.59933700
15.41913700 6.79357000 20.24498300
15.91900600 4.79283100 18.31328200
2.58161000 18.28143800 23.84916800
1.97948600 19.68640100 22.30574100
2.78529600 17.75064900 21.76094100
0.58143000 16.47537200 23.06463900
0.59104000 17.82147300 22.67118600
1.99792200 18.38466800 22.63610400
-0.00046700 18.46469900 23.32927600
0.17955900 17.87676500 21.66489300
0.88166900 16.41374200 23.97809300
6.65416300 9.73870100 12.20725500
7.98699100 8.41217400 11.11981100
6.01255100 8.84802400 10.34206300
6.71996600 11.61060100 10.11686400
7.64977500 10.56753000 10.23662600
7.06554100 9.37826000 10.97286300
8.55982100 10.86322300 10.76680000
7.91857200 10.24468900 9.23237500
6.51904600 11.95360100 10.99454300
6.03910000 12.41147000 30.00129700
6.25986400 13.71498600 28.27771000
8.00938500 12.85720500 29.22463100
7.07424100 10.23673300 28.56008900
6.62121600 11.41316400 27.94554700
6.74478600 12.61001100 28.86751400
5.57654400 11.35511700 27.62618500
7.24514200 11.59353300 27.07194300
6.49275700 10.02502500 29.29859800
20.24154300 5.29510600 10.36554000
20.92229100 5.96298400 12.31724800
20.32436900 3.90209100 12.01979700
22.44221000 3.56951100 10.12582700
22.38495000 4.60672700 11.06805300
20.95613900 4.93532300 11.45309900
22.84778400 5.53284600 10.71479600
22.90784300 4.27273400 11.96249700
22.04094300 3.87083500 9.30331500
2.62430500 6.30778000 6.79426400
1.77871500 7.03956100 4.93197600
2.59727100 5.03682100 5.04273700
0.62550100 4.34777200 6.99730000
0.52815700 5.45054900 6.13631700
1.89428900 5.95435500 5.71489300
-0.00723000 6.29499600 6.58013200
-0.00397800 5.12890400 5.24279700
1.03637400 4.62942800 7.82203700
21.05548100 22.18892300 15.24813100
22.56995900 21.32284300 16.54231100
21.79444300 23.30432300 16.94922900
19.18758900 22.19430700 17.34313100
20.37444900 21.44810500 17.38096100
21.45993500 22.07896300 16.53156400
20.24531400 20.41930600 17.03224900
20.72154800 21.42743700 18.41251000
18.83000700 22.16917400 16.44879100
3.39110300 12.34344700 18.37301800
2.76259100 10.80365200 16.97564800
4.79752200 11.54569600 16.93444300
5.19636100 10.57611300 19.59598800
4.16419200 10.14738400 18.74881300
3.78486700 11.21610800 17.74299200
3.25369500 9.87076700 19.28842500
4.52367300 9.27881500 18.19985000
4.87458000 11.30480700 20.13802200
8.69272300 25.69626300 2.70491700
10.09079600 27.35841500 2.66909300
9.97022900 26.00127400 0.98478300
7.25327100 26.78717200 0.55643600
8.17671300 27.52636800 1.30991400
9.24718200 26.63792500 1.91199600
7.71373800 28.08039000 2.13175000
8.66203600 28.23392500 0.63997200
6.76685500 26.19993700 1.14541200
27.67996600 23.51006700 4.90189200
27.63069500 21.64031800 3.79724200
27.22862500 23.51314200 2.78524400
29.87622100 24.40462000 3.40045500
29.47029000 23.06260200 3.43352800
27.98758200 22.93289900 3.72073800
30.00036000 22.47283100 4.18711800
29.66349200 22.63244400 2.45238700
29.77342700 24.78485800 4.27976800
13.58191900 15.35979100 10.55626800
13.88011700 16.54961200 12.34904400
12.13401800 16.87092500 11.10760700
11.27051500 14.19708700 11.64420700
12.21287800 14.88984400 12.41811100
12.94933800 15.93354100 11.60198700
12.96662000 14.23428700 12.86400300
11.67690000 15.40090800 13.21594500
11.73288300 13.68542700 10.97133400
21.36406600 14.52740700 10.87535500
20.19256000 15.14263600 9.15265200
19.79196100 15.99736200 11.10258400
22.42643600 17.11117700 11.14660100
21.77754600 16.67115700 9.98375600
20.76541000 15.58359600 10.28463400
22.46662400 16.27521200 9.23202400
21.24520400 17.52012600 9.55847400
22.95641800 16.38925500 11.50196900
6.53146600 26.89466500 6.82095000
7.64589700 25.11198000 6.27439700
8.28862800 26.32634000 7.94935800
5.82559200 25.76457200 9.29131600
6.32952400 25.00894700 8.22268800
7.21513000 25.84127300 7.31677800
5.54435200 24.57255200 7.59837600
6.93317500 24.20470400 8.63957900
5.23534200 26.44267800 8.94473900
14.96234500 15.79235200 24.40613600
12.91111500 16.11042700 25.04639000
14.49120300 15.91167700 26.51509400
15.74026200 18.26698600 25.47810000
14.40028300 17.92156100 25.25001600
14.18936200 16.42195700 25.31661400
14.03007900 18.25920100 24.27757000
13.80019300 18.38245100 26.03262200
16.27971500 17.92198100 24.75817000
1.30098500 2.87366100 10.61428700
0.78691900 0.86138700 9.97778800
1.13746900 2.41210700 8.50617300
3.83474000 2.66323200 9.42522100
3.01683700 1.55283000 9.68003000
1.54816000 1.92795200 9.68293700
3.23188900 1.07311300 10.63936700
3.17955100 0.82994600 8.88255800
3.75324800 3.28659200 10.15537200
7.39006100 22.98710400 15.82321100
8.07342500 23.59707400 17.79287900
8.37974900 24.89393700 16.08478600
5.54702900 25.10258600 15.74545500
6.16846900 24.67506100 16.92779100
7.51901800 24.04359600 16.65391600
5.57448900 23.94409800 17.48419200
6.32553500 25.55002600 17.55609500
5.34065000 24.33286800 15.20390000
12.50357600 19.06742900 3.49446900
11.90692600 17.29720700 4.60305600
12.53259700 19.08268700 5.65845600
10.33055900 20.51438000 4.52520100
10.41279100 19.11558700 4.58436900
11.85175900 18.63918400 4.59656500
9.91352600 18.62095200 3.74605400
9.94223700 18.79371700 5.51171900
10.68393500 20.81359700 3.68025600
17.68868000 27.21111300 24.61024900
18.35677100 26.37948000 22.71798000
16.23984000 26.58965100 23.12749400
16.56392800 29.42632800 23.30417300
17.48576400 28.56577400 22.69053600
17.43288900 27.17243200 23.28512700
18.51905800 28.91543500 22.77265400
17.22295700 28.49379300 21.63661400
16.81907800 29.55411600 24.22444900
8.70019100 6.39940500 27.89066200
8.89828300 4.64596000 29.15748200
8.28805000 6.54153100 30.01053400
5.93845200 6.51004400 28.37916000
6.71791800 5.37799500 28.65805700
8.16028700 5.74737000 28.94243600
6.72355700 4.64968400 27.84182600
6.30864300 4.90348800 29.54819000
6.24550800 6.90705500 27.55670200
20.59812500 17.47727100 22.75653100
20.98526500 17.41120300 20.62008600
19.09548000 16.70116800 21.40611000
18.52264700 19.32902300 22.38039000
19.48073500 19.04633300 21.39599200
20.03506900 17.64293400 21.54063700
20.33039400 19.73513100 21.41437600
18.99212300 19.11850800 20.42591600
18.95176100 19.33401600 23.24304500
21.40678600 20.01695900 15.20763200
20.05457300 18.80247200 14.01801800
22.17401000 18.35520100 14.05271100
22.00877800 17.82915400 16.85965900
20.90318500 17.85254100 15.99710300
21.14290000 18.75596200 14.80374500
19.98589900 18.19482400 16.48508900
20.74728000 16.84011000 15.62876300
22.12270900 18.70404700 17.24685500
7.62771500 19.49764400 16.61838600
8.75438500 18.73726500 18.31281300
6.58980300 18.79281900 18.38187100
6.48086700 16.97425400 16.17643800
7.61271100 17.16754600 16.98170300
7.63876800 18.55706600 17.58692400
8.55297500 17.03129700 16.43944700
7.56947900 16.44530100 17.79502500
6.53463300 17.56118200 15.41422800
2.72513900 19.32748700 16.96190700
4.01938600 17.63829100 16.52580500
2.71250800 18.43259700 14.99139300
4.10059400 20.93083900 15.11381100
4.61305600 19.72111200 15.60455400
3.50666900 18.76892000 16.01317700
5.26590700 19.85272700 16.47240500
5.18380700 19.25282800 14.80458400
3.64647900 21.39144600 15.82792600
26.17700400 14.92662100 4.77352500
24.03277700 15.18525600 4.54106000
24.89266400 14.94840900 6.51533700
26.37899800 17.36493200 6.14899400
25.25603000 17.00886900 5.38804300
25.08336600 15.50470300 5.31449700
25.29856000 17.38198400 4.36058100
24.37735400 17.42655000 5.87637800
27.17331900 17.05939800 5.69728300
16.14030600 16.43402100 15.14971000
15.51369300 14.65955200 14.06469600
15.98296700 16.48213600 12.99173800
18.67528600 16.34239300 13.94822800
17.78651000 15.25756000 13.93829300
16.34387300 15.71465700 14.02545400
17.95598300 14.55696000 14.76117900
17.91733400 14.72908000 12.99564000
18.62048200 16.78457900 14.80251500
27.07790300 20.20065300 23.51403400
26.57389700 22.23890100 22.95711000
25.16510800 20.63270100 22.59835600
25.01221300 20.14892000 25.41359400
25.49580600 21.33592200 24.84434000
26.07225100 21.10002700 23.46238500
26.27585300 21.81273600 25.44507000
24.65786200 22.02411000 24.74816600
25.75190100 19.55083600 25.56687800
10.19688400 21.79414400 24.66458100
8.60252200 22.59322900 25.90478800
10.31168700 21.62582600 26.81920500
12.02525300 23.63949800 25.72750800
10.63615900 23.77722900 25.86290800
9.93377200 22.43452700 25.82370000
10.18918600 24.40098800 25.08326600
10.44004300 24.23319300 26.83174000
12.22203100 23.29735500 24.84855700
18.62226700 -0.00062600 6.91123500
20.59935800 0.72111900 6.37380000
19.00260400 2.12620600 6.78535600
18.83799200 1.14147500 9.46606200
19.94091000 0.94558600 8.62221100
19.53766200 0.95984600 7.16107300
20.45972300 0.00043600 8.80721600
20.63696300 1.76579600 8.78884600
18.24047800 0.39050900 9.38023500
29.77652200 19.74523700 8.13911700
28.80688600 18.35119800 6.78445800
29.23694300 17.76480300 8.82515900
27.49778900 19.82747800 9.77578700
27.47942000 19.32400700 8.46694600
28.83415200 18.78192800 8.05635200
27.18977600 20.07259100 7.72368900
26.76376400 18.50432800 8.43594600
28.07761700 20.59632200 9.80767600
8.14173200 7.24935400 18.53376200
7.39712700 9.06215900 19.47074700
8.55469700 7.63836300 20.62231400
10.79672300 8.08211000 18.90202500
9.70226000 8.95256500 19.00853100
8.44198800 8.21953700 19.42340600
9.48035800 9.47845600 18.07531100
9.93498300 9.68688300 19.77769800
10.63648600 7.46404300 18.18046100
4.82769900 24.46843900 24.59808800
2.84234700 24.14705500 25.41890000
4.18223700 25.57855000 26.34019900
4.18371100 27.11703800 23.92855300
3.21561100 26.15341800 24.24652100
3.77028300 25.08505900 25.16776200
2.81086700 25.64561800 23.36616800
2.40209000 26.65778500 24.76497700
4.88209500 26.70085100 23.41145900
15.05000300 10.74302700 16.25238900
16.98277000 10.02229900 16.93327200
15.17926200 8.92468600 17.41894200
14.71188300 8.47577500 14.63272300
15.95106000 8.85008400 15.17237000
15.78769700 9.63162400 16.46087500
16.54665000 9.46565100 14.49189200
16.50458900 7.94001600 15.39683200
14.23338200 9.26875300 14.36708900
0.86565700 27.76597200 29.99830900
0.65553700 25.94567500 28.83168700
0.99933200 27.84057100 27.83949400
3.52749200 28.06364500 29.15920100
2.81415000 26.86385800 29.02304300
1.32245400 27.10882900 28.91093900
2.96881400 26.17587100 29.85937800
3.14732800 26.38109400 28.10602000
3.29333200 28.47386000 29.99898200
6.35088800 18.47605600 4.71202500
5.55500000 19.51014800 6.44864700
5.34307700 17.36158700 6.26964800
8.18997700 17.08536400 6.31258900
7.50335100 18.22569600 6.75426100
6.17218500 18.38676400 6.04730300
8.06656300 19.15105900 6.60195200
7.30856400 18.10522700 7.81847200
8.42879300 17.20245000 5.38652400
2.34992600 4.47018200 18.55205400
1.68208400 2.97309500 19.97731100
2.18115400 2.39852800 17.94899400
4.87564000 3.25848500 18.37701500
3.96552600 2.98011400 19.40710700
2.53274400 3.19693600 18.96229400
4.12583300 3.59394500 20.29829500
4.08043900 1.93211600 19.67820500
4.83451500 4.19813900 18.16797200
21.70806600 11.93744500 15.34928400
23.26690600 13.13515200 16.27349000
22.33730000 13.79328400 14.43067600
19.81765800 13.96827900 15.77371800
21.05733800 13.93081700 16.42845100
22.10271700 13.20261900 15.60708300
21.01161900 13.44043000 17.40524800
21.39133100 14.95756200 16.56716800
19.47489000 13.07081900 15.70013700
1.89431200 1.09323300 26.55830800
2.29654400 3.21295300 26.30604200
3.87709500 1.76207300 26.00591100
2.40222600 0.61562200 23.83948700
2.16942800 1.89752600 24.35853400
2.57389100 1.99345600 25.81625300
1.12134000 2.20355300 24.29099700
2.77703800 2.60106000 23.79209600
1.82372500 -0.01279000 24.28532700
5.13958400 20.85642900 27.32962100
6.48615100 22.02116800 26.08512100
6.08741300 22.63207600 28.12499100
7.23626700 20.18964500 29.07243400
7.44832300 20.71292900 27.78865400
6.28466100 21.57172500 27.33467700
7.59722600 19.93937800 27.02960900
8.33671900 21.34078600 27.82801800
6.49154200 19.57903100 29.04285700
23.29075700 24.77821000 3.98035200
23.84212500 23.33636900 5.50866100
22.03827700 23.05094700 4.34335600
23.61575500 22.85146200 1.96538400
24.12433300 22.69215900 3.26263300
23.30903600 23.46239900 4.28231700
25.16261900 23.02269400 3.35963900
24.06837900 21.63453400 3.51422500
23.71722500 23.77208700 1.69988000
16.88345700 23.49803300 23.10269400
16.11604500 21.78911100 24.20237800
18.23943700 21.96747900 23.81166200
18.31251900 24.37604200 25.35324000
17.28308800 23.42636000 25.42578200
17.13833400 22.65706200 24.12772100
16.30812200 23.86745400 25.65289200
17.53885100 22.71804600 26.21183300
18.07281100 25.04927800 24.70699600
6.86195900 15.60286500 26.02724300
7.82413300 16.80967300 24.49869000
8.34100900 17.08114300 26.58493400
9.30547400 14.39000600 26.68776100
9.10725000 15.10997100 25.50064600
8.03225100 16.16680300 25.65946200
8.81767800 14.47558900 24.65778800
10.04162700 15.61222000 25.25634000
8.50841300 13.88605900 26.88542500
2.57986300 23.21250000 9.99502800
4.52913000 22.68114200 9.19712200
3.86537000 24.74310000 9.16517700
3.76596600 24.74689000 12.02403900
4.47719500 23.80804700 11.26271600
3.86292400 23.61939100 9.88983000
4.52709300 22.82253200 11.73491600
5.48984700 24.18515200 11.13107800
2.88570700 24.40019700 12.20648600
10.79801100 13.52528200 4.36888000
11.59875700 11.75633000 3.39509600
9.62748000 11.70651900 4.29223400
8.75093300 13.71942100 2.45842000
9.89556800 12.93059600 2.27280700
10.47677400 12.46738900 3.59393300
10.69152300 13.45068300 1.73182000
9.60354000 12.04933100 1.70439600
9.00206200 14.53622000 2.90352100
28.15246100 19.94604500 15.29835100
28.46088400 19.17377700 13.29158300
29.48890500 18.27503300 14.97345800
26.96932700 17.53242800 16.10626300
27.15547500 17.87781600 14.75980800
28.33162400 18.81700400 14.57999000
26.28092100 18.36329800 14.31690200
27.36560200 16.96335800 14.20789000
26.71781600 18.32061200 16.60007000
1.48284700 19.65789000 8.86962800
3.06514500 20.99921000 8.22477500
3.38429400 18.85646600 8.21683800
1.28715800 18.55941300 6.29414100
1.94551500 19.76890300 6.55982400
2.48308600 19.81451500 7.97639500
1.30344600 20.64461700 6.42725600
2.78868200 19.84586300 5.87561200
0.49930500 18.50368500 6.84597600
8.05280900 30.01129500 24.35715700
9.34027900 29.35054300 25.97717800
7.23394300 29.70688200 26.33723500
6.57415200 27.62901400 24.48517500
7.83346600 27.77856200 25.08404900
8.11089700 29.22275900 25.45155700
8.65489200 27.44208800 24.44471600
7.83832900 27.18979000 25.99964900
6.57248100 28.09078400 23.63953700
27.23354600 22.81274200 28.21215500
27.74637600 24.91822000 28.06178400
27.37594800 24.02408300 29.99997200
29.60702400 22.27649200 29.61112300
29.39864100 23.45946000 28.88721200
27.92669300 23.81097000 28.80034300
29.78191400 23.40898100 27.86385700
29.90817100 24.26513100 29.41282900
29.21812700 21.54001800 29.12666100
4.88376600 17.52062100 20.90135900
6.60523100 17.57186700 22.22520600
4.61993500 17.25734600 23.03325800
4.40432500 14.82904000 21.53665500
5.61699600 15.47506000 21.81767300
5.42612500 16.96687800 22.00684000
6.36665600 15.34006400 21.03250600
6.00546300 15.06334200 22.74750200
4.07734400 15.13383200 20.68311800
9.29343400 11.36202700 25.16312700
9.67970500 9.41825000 24.27365200
11.32135600 10.62021800 25.01764500
10.22545300 10.46952800 27.65568800
9.88530700 9.59741300 26.61136900
10.05787600 10.25299300 25.25557700
8.85324100 9.23959900 26.67061600
10.55622400 8.74160100 26.66092500
9.60010800 11.20241700 27.66815900
7.22547200 -0.07271900 10.00448200
9.22111700 0.51501000 10.62947300
8.37346000 1.31356800 8.80271300
6.29115200 2.55498000 10.32122400
7.50182300 2.10457400 10.86738800
8.08952200 0.96316000 10.06145900
7.40325800 1.75674200 11.89986000
8.20664900 2.93380000 10.84281600
5.63439400 1.85377100 10.39411900
9.03489000 21.87887900 12.39406000
11.00688700 21.82252400 11.48483300
9.29478600 21.02905800 10.42069400
8.10710200 23.63140600 10.40762200
9.46952400 23.38944800 10.63597700
9.70242900 22.01369600 11.22825900
9.92645400 24.11679200 11.31339000
9.98088400 23.43526100 9.67607500
7.64765300 23.65952000 11.25405900
23.54570000 1.84974700 10.93995300
23.10486100 0.00498200 9.88111200
23.68626700 1.77867700 8.78145600
26.22318700 1.75655100 10.10302000
25.36289100 0.65117600 10.03285400
23.91440900 1.07661100 9.89631100
25.42934700 -0.00009800 10.90928300
25.63129300 0.07649900 9.14814700
26.04371300 2.24223700 10.91557000
2.73582900 9.47693000 8.06936100
1.31615200 10.52072100 9.33966000
2.85876000 9.28116900 10.22121600
4.86066800 10.99158600 9.10326200
3.51563500 11.35488000 9.26384400
2.60163300 10.14596700 9.23437400
3.16375800 12.04750000 8.49367400
3.41391900 11.83196200 10.23700700
4.98329500 10.62621500 8.22019600
18.33793200 4.83367100 8.35880400
19.36512400 3.41164100 9.63995600
18.07774900 4.92387600 10.50544900
15.84115100 3.80145700 9.11952400
17.04794600 3.12348400 9.34509800
18.21391700 4.08344100 9.47444300
17.29674900 2.41489000 8.54967700
16.95304800 2.57857800 10.28268700
15.88236800 4.23750800 8.26132900
26.86882600 0.96819500 21.16311400
27.13407600 0.00012700 19.23668500
25.19184300 0.00017900 20.19637200
25.12254200 2.85552500 20.03770100
25.96927600 2.04501700 19.26763400
26.28332000 0.73814400 19.96848600
26.92354700 2.52477500 19.03120000
25.45317300 1.81424400 18.33737500
25.58795000 3.12411900 20.83744600
2.10158100 6.52478600 26.05066200
1.34252700 8.18825600 24.87791100
-0.02923300 6.75682800 25.75115700
0.85663900 7.51388300 28.36364300
1.05183200 8.28903100 27.21128400
1.10548600 7.43189400 25.96221500
1.97338300 8.87769700 27.24161300
0.20553400 8.96753900 27.11960100
1.62775500 6.95195600 28.49764400
19.32055800 24.78314600 29.99905200
17.75050600 26.17273000 29.43104200
19.70553000 26.91286800 29.99967900
20.86511600 25.53267500 27.77855200
19.49954400 25.83070300 27.89378000
19.06980500 25.93654400 29.34355900
18.85632100 25.08496200 27.41750600
19.32847300 26.79531800 27.41917400
21.02488500 24.65210800 28.13550500
11.61188400 19.83515500 -0.06179900
10.96156600 19.32502600 1.94705500
13.02335800 19.01461900 1.35889700
13.31776400 21.82838000 0.93574900
12.29203400 21.25038400 1.69777500
11.97882800 19.84049400 1.23750800
11.35837400 21.81930300 1.66153500
12.63240600 21.20107700 2.73059400
13.00996800 21.94031900 0.02962000
29.12478700 11.86271900 13.09122200
29.38105600 10.08432600 11.87044800
27.40740300 10.92831300 12.16310800
28.25242600 13.33356200 10.86553400
28.91790300 12.10405700 10.75444300
28.69545900 11.23446300 11.97594200
29.99872400 12.21180500 10.62436800
28.51119300 11.58271400 9.88969500
28.64417600 13.83785100 11.58703500
5.71538700 4.74752200 1.52581500
4.91715100 2.78467100 2.00401700
6.99680500 3.24082500 2.40430700
6.18775100 5.27919100 4.24100900
5.35409100 4.24097200 3.80055800
5.75779800 3.74301600 2.42695100
4.30086000 4.53129000 3.74467800
5.45298800 3.41463700 4.50226200
6.06452900 6.04430800 3.66851300
7.96665200 3.42231600 26.45991900
7.96759000 5.54539100 26.00036400
8.64596000 4.11210800 24.52429400
6.03835500 2.93680900 24.47900300
6.31519400 4.21848400 24.97655000
7.73959300 4.32680600 25.48359100
5.65448900 4.51152200 25.79770800
6.19273100 4.92634200 24.15866300
6.07799100 2.30379300 25.20430200
4.20884400 22.47362600 23.90953900
4.93453700 20.74562600 25.00773000
4.34879400 22.54163100 26.06817400
1.67621100 22.23451200 25.09557000
2.62891700 21.20553900 25.11675300
4.04179300 21.74871200 25.03624500
2.50756200 20.49198700 24.29649800
2.52411700 20.67468100 26.06132000
1.70977100 22.67506200 24.23934100
2.97070500 26.79433500 12.14730500
1.37099500 28.05747300 12.89834100
2.26621200 28.46710700 10.96855900
1.36133100 25.92521800 10.01830800
0.84488000 26.57109800 11.15100500
1.86952800 27.48832200 11.78860200
0.50567800 25.87523700 11.92393600
0.00001900 27.17850200 10.83120700
2.06954400 25.33184000 10.29157700
5.44669900 17.11310700 8.44841100
6.61574800 16.84832800 10.26000100
5.01556500 15.46708500 9.78581600
6.40352200 14.68778400 7.40900100
7.00558900 15.34406500 8.49237300
6.00863200 16.19071300 9.25853200
7.82753900 16.00080400 8.19271700
7.39317800 14.58369300 9.16810200
6.11174900 15.34479900 6.76748800
15.41016100 4.04253100 27.40100500
14.35967800 2.48171200 26.31520200
14.23923900 4.53999000 25.65017900
17.06239800 4.54765700 25.18898400
16.28867300 3.38460700 25.31367900
15.05874100 3.61910200 26.16808800
16.83851800 2.54944500 25.75738700
15.95822700 3.09659000 24.31725900
17.41824200 4.78146300 26.05330300
18.70344900 21.42361900 2.08052800
19.75303300 22.63432400 3.54722700
17.90784900 21.63318400 4.08228200
19.14897000 19.10245900 3.59439800
19.85341600 20.29693900 3.80382300
19.04169000 21.50664900 3.38497200
20.80125200 20.33680100 3.25910300
20.05815900 20.37977000 4.86975900
19.01539700 18.97920600 2.64819200
7.34862900 4.31323300 5.93970900
7.63373200 5.45531300 7.76536200
5.75763700 5.57486200 6.68867800
5.32718200 2.78392300 7.14512900
6.22765500 3.57125000 7.87735100
6.73631400 4.74431200 7.06314800
7.10191300 3.01253900 8.22407300
5.69761300 3.96494400 8.74283400
5.79568200 2.37365500 6.40992300
2.37315400 7.34805700 15.25504400
1.55842600 8.47392200 13.58552600
3.05790600 6.94871000 13.24120300
1.26555800 4.96735100 14.26330300
0.86586800 6.23696300 13.82146800
1.97809900 7.25648600 13.96724600
-0.00337500 6.62456600 14.36080300
0.61600800 6.15797000 12.76490200
1.42849400 5.00274300 15.21227000
4.45265100 13.70130600 25.56117800
3.53152000 12.03731100 24.51175900
4.43017100 13.66331400 23.39739200
6.97607300 13.02509000 24.53494700
5.88251700 12.14733100 24.51130800
4.56442300 12.89539800 24.48373000
5.85564100 11.47266800 25.37201100
5.95289600 11.55277500 23.60216000
6.96687500 13.51488600 25.36461800
2.35139800 12.72906900 28.37561700
3.66566200 12.04931100 26.78524500
2.89801600 10.63940000 28.23994100
0.23351600 11.19332100 27.35869700
1.38560000 11.49068500 26.61629400
2.58659200 11.71749200 27.51290600
1.27431600 12.38089300 25.99031600
1.59828100 10.63644900 25.97594500
-0.00820000 11.96387600 27.88420300
0.03006500 8.75661300 19.97459200
1.51817100 9.89858400 21.07007500
-0.01865900 8.80697100 22.13769300
0.98916600 6.35439000 21.06432800
1.71541800 7.55352800 21.10319800
0.80151500 8.76269900 21.08260900
2.41351300 7.65920500 20.26761700
2.27857300 7.57121300 22.03461900
0.53470400 6.29059900 20.21713600
