1 1 1 -0.834 0.0 0.0 0.0
2 1 2 0.417 0.756950327 0.0 0.5858822766
3 1 2 0.417 -0.756950327 0.0 0.5858822766
4 2 1 -0.834 0.0 0.0 0.0
5 2 2 0.417 0.756950327 0.0 0.5858822766
6 2 2 0.417 -0.756950327 0.0 0.5858822766
7 3 1 -0.834 0.0 0.0 0.0
8 3 2 0.417 0.756950327 0.0 0.5858822766
9 3 2 0.417 -0.756950327 0.0 0.5858822766
10 4 1 -0.834 0.0 0.0 0.0
11 4 2 0.417 0.756950327 0.0 0.5858822766
12 4 2 0.417 -0.756950327 0.0 0.5858822766
13 5 1 -0.834 0.0 0.0 0.0
14 5 2 0.417 0.756950327 0.0 0.5858822766
15 5 2 0.417 -0.756950327 0.0 0.5858822766
16 6 1 -0.834 0.0 0.0 0.0
17 6 2 0.417 0.756950327 0.0 0.5858822766
18 6 2 0.417 -0.756950327 0.0 0.5858822766
19 7 1 -0.834 0.0 0.0 0.0
20 7 2 0.417 0.756950327 0.0 0.5858822766
21 7 2 0.417 -0.756950327 0.0 0.5858822766
22 8 1 -0.834 0.0 0.0 0.0
23 8 2 0.417 0.756950327 0.0 0.5858822766
24 8 2 0.417 -0.756950327 0.0 0.5858822766
25 9 1 -0.834 0.0 0.0 0.0
26 9 2 0.417 0.756950327 0.0 0.5858822766
27 9 2 0.417 -0.756950327 0.0 0.5858822766
28 10 1 -0.834 0.0 0.0 0.0
29 10 2 0.417 0.756950327 0.0 0.5858822766
30 10 2 0.417 -0.756950327 0.0 0.5858822766
31 11 1 -0.834 0.0 0.0 0.0
32 11 2 0.417 0.756950327 0.0 0.5858822766
33 11 2 0.417 -0.756950327 0.0 0.5858822766
34 12 1 -0.834 0.0 0.0 0.0
35 12 2 0.417 0.756950327 0.0 0.5858822766
36 12 2 0.417 -0.756950327 0.0 0.5858822766
37 13 1 -0.834 0.0 0.0 0.0
38 13 2 0.417 0.756950327 0.0 0.5858822766
39 13 2 0.417 -0.756950327 0.0 0.5858822766
40 14 1 -0.834 0.0 0.0 0.0
41 14 2 0.417 0.756950327 0.0 0.5858822766
42 14 2 0.417 -0.756950327 0.0 0.5858822766
43 15 1 -0.834 0.0 0.0 0.0
44 15 2 0.417 0.756950327 0.0 0.5858822766
45 15 2 0.417 -0.756950327 0.0 0.5858822766
46 16 1 -0.834 0.0 0.0 0.0
47 16 2 0.417 0.756950327 0.0 0.5858822766
48 16 2 0.417 -0.756950327 0.0 0.5858822766
49 17 1 -0.834 0.0 0.0 0.0
50 17 2 0.417 0.756950327 0.0 0.5858822766
51 17 2 0.417 -0.756950327 0.0 0.5858822766
52 18 1 -0.834 0.0 0.0 0.0
53 18 2 0.417 0.756950327 0.0 0.5858822766
54 18 2 0.417 -0.756950327 0.0 0.5858822766
55 19 1 -0.834 0.0 0.0 0.0
56 19 2 0.417 0.756950327 0.0 0.5858822766
57 19 2 0.417 -0.756950327 0.0 0.5858822766
58 20 1 -0.834 0.0 0.0 0.0
59 20 2 0.417 0.756950327 0.0 0.5858822766
60 20 2 0.417 -0.756950327 0.0 0.5858822766
61 21 1 -0.834 0.0 0.0 0.0
62 21 2 0.417 0.756950327 0.0 0.5858822766
63 21 2 0.417 -0.756950327 0.0 0.5858822766
64 22 1 -0.834 0.0 0.0 0.0
65 22 2 0.417 0.756950327 0.0 0.5858822766
66 22 2 0.417 -0.756950327 0.0 0.5858822766
67 23 1 -0.834 0.0 0.0 0.0
68 23 2 0.417 0.756950327 0.0 0.5858822766
69 23 2 0.417 -0.756950327 0.0 0.5858822766
70 24 1 -0.834 0.0 0.0 0.0
71 24 2 0.417 0.756950327 0.0 0.5858822766
72 24 2 0.417 -0.756950327 0.0 0.5858822766
73 25 1 -0.834 0.0 0.0 0.0
74 25 2 0.417 0.756950327 0.0 0.5858822766
75 25 2 0.417 -0.756950327 0.0 0.5858822766
76 26 1 -0.834 0.0 0.0 0.0
77 26 2 0.417 0.756950327 0.0 0.5858822766
78 26 2 0.417 -0.756950327 0.0 0.5858822766
79 27 1 -0.834 0.0 0.0 0.0
80 27 2 0.417 0.756950327 0.0 0.5858822766
81 27 2 0.417 -0.756950327 0.0 0.5858822766
82 28 1 -0.834 0.0 0.0 0.0
83 28 2 0.417 0.756950327 0.0 0.5858822766
84 28 2 0.417 -0.756950327 0.0 0.5858822766
85 29 1 -0.834 0.0 0.0 0.0
86 29 2 0.417 0.756950327 0.0 0.5858822766
87 29 2 0.417 -0.756950327 0.0 0.5858822766
88 30 1 -0.834 0.0 0.0 0.0
89 30 2 0.417 0.756950327 0.0 0.5858822766
90 30 2 0.417 -0.756950327 0.0 0.5858822766
91 31 1 -0.834 0.0 0.0 0.0
92 31 2 0.417 0.756950327 0.0 0.5858822766
93 31 2 0.417 -0.756950327 0.0 0.5858822766
94 32 1 -0.834 0.0 0.0 0.0
95 32 2 0.417 0.756950327 0.0 0.5858822766
96 32 2 0.417 -0.756950327 0.0 0.5858822766
97 33 1 -0.834 0.0 0.0 0.0
98 33 2 0.417 0.756950327 0.0 0.5858822766
99 33 2 0.417 -0.756950327 0.0 0.5858822766
100 34 1 -0.834 0.0 0.0 0.0
101 34 2 0.417 0.756950327 0.0 0.5858822766
102 34 2 0.417 -0.756950327 0.0 0.5858822766
103 35 1 -0.834 0.0 0.0 0.0
104 35 2 0.417 0.756950327 0.0 0.5858822766
105 35 2 0.417 -0.756950327 0.0 0.5858822766
106 36 1 -0.834 0.0 0.0 0.0
107 36 2 0.417 0.756950327 0.0 0.5858822766
108 36 2 0.417 -0.756950327 0.0 0.5858822766
109 37 1 -0.834 0.0 0.0 0.0
110 37 2 0.417 0.756950327 0.0 0.5858822766
111 37 2 0.417 -0.756950327 0.0 0.5858822766
112 38 1 -0.834 0.0 0.0 0.0
113 38 2 0.417 0.756950327 0.0 0.5858822766
114 38 2 0.417 -0.756950327 0.0 0.5858822766
115 39 1 -0.834 0.0 0.0 0.0
116 39 2 0.417 0.756950327 0.0 0.5858822766
117 39 2 0.417 -0.756950327 0.0 0.5858822766
118 40 1 -0.834 0.0 0.0 0.0
119 40 2 0.417 0.756950327 0.0 0.5858822766
120 40 2 0.417 -0.756950327 0.0 0.5858822766
121 41 1 -0.834 0.0 0.0 0.0
122 41 2 0.417 0.756950327 0.0 0.5858822766
123 41 2 0.417 -0.756950327 0.0 0.5858822766
124 42 1 -0.834 0.0 0.0 0.0
125 42 2 0.417 0.756950327 0.0 0.5858822766
126 42 2 0.417 -0.756950327 0.0 0.5858822766
127 43 1 -0.834 0.0 0.0 0.0
128 43 2 0.417 0.756950327 0.0 0.5858822766
129 43 2 0.417 -0.756950327 0.0 0.5858822766
130 44 1 -0.834 0.0 0.0 0.0
131 44 2 0.417 0.756950327 0.0 0.5858822766
132 44 2 0.417 -0.756950327 0.0 0.5858822766
133 45 1 -0.834 0.0 0.0 0.0
134 45 2 0.417 0.756950327 0.0 0.5858822766
135 45 2 0.417 -0.756950327 0.0 0.5858822766
136 46 1 -0.834 0.0 0.0 0.0
137 46 2 0.417 0.756950327 0.0 0.5858822766
138 46 2 0.417 -0.756950327 0.0 0.5858822766
139 47 1 -0.834 0.0 0.0 0.0
140 47 2 0.417 0.756950327 0.0 0.5858822766
141 47 2 0.417 -0.756950327 0.0 0.5858822766
142 48 1 -0.834 0.0 0.0 0.0
143 48 2 0.417 0.756950327 0.0 0.5858822766
144 48 2 0.417 -0.756950327 0.0 0.5858822766
145 49 1 -0.834 0.0 0.0 0.0
146 49 2 0.417 0.756950327 0.0 0.5858822766
147 49 2 0.417 -0.756950327 0.0 0.5858822766
148 50 1 -0.834 0.0 0.0 0.0
149 50 2 0.417 0.756950327 0.0 0.5858822766
150 50 2 0.417 -0.756950327 0.0 0.5858822766
151 51 1 -0.834 0.0 0.0 0.0
152 51 2 0.417 0.756950327 0.0 0.5858822766
153 51 2 0.417 -0.756950327 0.0 0.5858822766
154 52 1 -0.834 0.0 0.0 0.0
155 52 2 0.417 0.756950327 0.0 0.5858822766
156 52 2 0.417 -0.756950327 0.0 0.5858822766
157 53 1 -0.834 0.0 0.0 0.0
158 53 2 0.417 0.756950327 0.0 0.5858822766
159 53 2 0.417 -0.756950327 0.0 0.5858822766
160 54 1 -0.834 0.0 0.0 0.0
161 54 2 0.417 0.756950327 0.0 0.5858822766
162 54 2 0.417 -0.756950327 0.0 0.5858822766
163 55 1 -0.834 0.0 0.0 0.0
164 55 2 0.417 0.756950327 0.0 0.5858822766
165 55 2 0.417 -0.756950327 0.0 0.5858822766
166 56 1 -0.834 0.0 0.0 0.0
167 56 2 0.417 0.756950327 0.0 0.5858822766
168 56 2 0.417 -0.756950327 0.0 0.5858822766
169 57 1 -0.834 0.0 0.0 0.0
170 57 2 0.417 0.756950327 0.0 0.5858822766
171 57 2 0.417 -0.756950327 0.0 0.5858822766
172 58 1 -0.834 0.0 0.0 0.0
173 58 2 0.417 0.756950327 0.0 0.5858822766
174 58 2 0.417 -0.756950327 0.0 0.5858822766
175 59 1 -0.834 0.0 0.0 0.0
176 59 2 0.417 0.756950327 0.0 0.5858822766
177 59 2 0.417 -0.756950327 0.0 0.5858822766
178 60 1 -0.834 0.0 0.0 0.0
179 60 2 0.417 0.756950327 0.0 0.5858822766
180 60 2 0.417 -0.756950327 0.0 0.5858822766
181 61 1 -0.834 0.0 0.0 0.0
182 61 2 0.417 0.756950327 0.0 0.5858822766
183 61 2 0.417 -0.756950327 0.0 0.5858822766
184 62 1 -0.834 0.0 0.0 0.0
185 62 2 0.417 0.756950327 0.0 0.5858822766
186 62 2 0.417 -0.756950327 0.0 0.5858822766
187 63 1 -0.834 0.0 0.0 0.0
188 63 2 0.417 0.756950327 0.0 0.5858822766
189 63 2 0.417 -0.756950327 0.0 0.5858822766
190 64 1 -0.834 0.0 0.0 0.0
191 64 2 0.417 0.756950327 0.0 0.5858822766
192 64 2 0.417 -0.756950327 0.0 0.5858822766
193 65 1 -0.834 0.0 0.0 0.0
194 65 2 0.417 0.756950327 0.0 0.5858822766
195 65 2 0.417 -0.756950327 0.0 0.5858822766
196 66 1 -0.834 0.0 0.0 0.0
197 66 2 0.417 0.756950327 0.0 0.5858822766
198 66 2 0.417 -0.756950327 0.0 0.5858822766
199 67 1 -0.834 0.0 0.0 0.0
200 67 2 0.417 0.756950327 0.0 0.5858822766
201 67 2 0.417 -0.756950327 0.0 0.5858822766
202 68 1 -0.834 0.0 0.0 0.0
203 68 2 0.417 0.756950327 0.0 0.5858822766
204 68 2 0.417 -0.756950327 0.0 0.5858822766
205 69 1 -0.834 0.0 0.0 0.0
206 69 2 0.417 0.756950327 0.0 0.5858822766
207 69 2 0.417 -0.756950327 0.0 0.5858822766
208 70 1 -0.834 0.0 0.0 0.0
209 70 2 0.417 0.756950327 0.0 0.5858822766
210 70 2 0.417 -0.756950327 0.0 0.5858822766
211 71 1 -0.834 0.0 0.0 0.0
212 71 2 0.417 0.756950327 0.0 0.5858822766
213 71 2 0.417 -0.756950327 0.0 0.5858822766
214 72 1 -0.834 0.0 0.0 0.0
215 72 2 0.417 0.756950327 0.0 0.5858822766
216 72 2 0.417 -0.756950327 0.0 0.5858822766
217 73 1 -0.834 0.0 0.0 0.0
218 73 2 0.417 0.756950327 0.0 0.5858822766
219 73 2 0.417 -0.756950327 0.0 0.5858822766
220 74 1 -0.834 0.0 0.0 0.0
221 74 2 0.417 0.756950327 0.0 0.5858822766
222 74 2 0.417 -0.756950327 0.0 0.5858822766
223 75 1 -0.834 0.0 0.0 0.0
224 75 2 0.417 0.756950327 0.0 0.5858822766
225 75 2 0.417 -0.756950327 0.0 0.5858822766
226 76 1 -0.834 0.0 0.0 0.0
227 76 2 0.417 0.756950327 0.0 0.5858822766
228 76 2 0.417 -0.756950327 0.0 0.5858822766
229 77 1 -0.834 0.0 0.0 0.0
230 77 2 0.417 0.756950327 0.0 0.5858822766
231 77 2 0.417 -0.756950327 0.0 0.5858822766
232 78 1 -0.834 0.0 0.0 0.0
233 78 2 0.417 0.756950327 0.0 0.5858822766
234 78 2 0.417 -0.756950327 0.0 0.5858822766
235 79 1 -0.834 0.0 0.0 0.0
236 79 2 0.417 0.756950327 0.0 0.5858822766
237 79 2 0.417 -0.756950327 0.0 0.5858822766
238 80 1 -0.834 0.0 0.0 0.0
239 80 2 0.417 0.756950327 0.0 0.5858822766
240 80 2 0.417 -0.756950327 0.0 0.5858822766
241 81 1 -0.834 0.0 0.0 0.0
242 81 2 0.417 0.756950327 0.0 0.5858822766
243 81 2 0.417 -0.756950327 0.0 0.5858822766
244 82 1 -0.834 0.0 0.0 0.0
245 82 2 0.417 0.756950327 0.0 0.5858822766
246 82 2 0.417 -0.756950327 0.0 0.5858822766
247 83 1 -0.834 0.0 0.0 0.0
248 83 2 0.417 0.756950327 0.0 0.5858822766
249 83 2 0.417 -0.756950327 0.0 0.5858822766
250 84 1 -0.834 0.0 0.0 0.0
251 84 2 0.417 0.756950327 0.0 0.5858822766
252 84 2 0.417 -0.756950327 0.0 0.5858822766
253 85 1 -0.834 0.0 0.0 0.0
254 85 2 0.417 0.756950327 0.0 0.5858822766
255 85 2 0.417 -0.756950327 0.0 0.5858822766
256 86 1 -0.834 0.0 0.0 0.0
257 86 2 0.417 0.756950327 0.0 0.5858822766
258 86 2 0.417 -0.756950327 0.0 0.5858822766
259 87 1 -0.834 0.0 0.0 0.0
260 87 2 0.417 0.756950327 0.0 0.5858822766
261 87 2 0.417 -0.756950327 0.0 0.5858822766
262 88 1 -0.834 0.0 0.0 0.0
263 88 2 0.417 0.756950327 0.0 0.5858822766
264 88 2 0.417 -0.756950327 0.0 0.5858822766
265 89 1 -0.834 0.0 0.0 0.0
266 89 2 0.417 0.756950327 0.0 0.5858822766
267 89 2 0.417 -0.756950327 0.0 0.5858822766
268 90 1 -0.834 0.0 0.0 0.0
269 90 2 0.417 0.756950327 0.0 0.5858822766
270 90 2 0.417 -0.756950327 0.0 0.5858822766
271 91 1 -0.834 0.0 0.0 0.0
272 91 2 0.417 0.756950327 0.0 0.5858822766
273 91 2 0.417 -0.756950327 0.0 0.5858822766
274 92 1 -0.834 0.0 0.0 0.0
275 92 2 0.417 0.756950327 0.0 0.5858822766
276 92 2 0.417 -0.756950327 0.0 0.5858822766
277 93 1 -0.834 0.0 0.0 0.0
278 93 2 0.417 0.756950327 0.0 0.5858822766
279 93 2 0.417 -0.756950327 0.0 0.5858822766
280 94 1 -0.834 0.0 0.0 0.0
281 94 2 0.417 0.756950327 0.0 0.5858822766
282 94 2 0.417 -0.756950327 0.0 0.5858822766
283 95 1 -0.834 0.0 0.0 0.0
284 95 2 0.417 0.756950327 0.0 0.5858822766
285 95 2 0.417 -0.756950327 0.0 0.5858822766
286 96 1 -0.834 0.0 0.0 0.0
287 96 2 0.417 0.756950327 0.0 0.5858822766
288 96 2 0.417 -0.756950327 0.0 0.5858822766
289 97 1 -0.834 0.0 0.0 0.0
290 97 2 0.417 0.756950327 0.0 0.5858822766
291 97 2 0.417 -0.756950327 0.0 0.5858822766
292 98 1 -0.834 0.0 0.0 0.0
293 98 2 0.417 0.756950327 0.0 0.5858822766
294 98 2 0.417 -0.756950327 0.0 0.5858822766
295 99 1 -0.834 0.0 0.0 0.0
296 99 2 0.417 0.756950327 0.0 0.5858822766
297 99 2 0.417 -0.756950327 0.0 0.5858822766
298 100 1 -0.834 0.0 0.0 0.0
299 100 2 0.417 0.756950327 0.0 0.5858822766
300 100 2 0.417 -0.756950327 0.0 0.5858822766
301 101 1 -0.834 0.0 0.0 0.0
302 101 2 0.417 0.756950327 0.0 0.5858822766
303 101 2 0.417 -0.756950327 0.0 0.5858822766
304 102 1 -0.834 0.0 0.0 0.0
305 102 2 0.417 0.756950327 0.0 0.5858822766
306 102 2 0.417 -0.756950327 0.0 0.5858822766
307 103 1 -0.834 0.0 0.0 0.0
308 103 2 0.417 0.756950327 0.0 0.5858822766
309 103 2 0.417 -0.756950327 0.0 0.5858822766
310 104 1 -0.834 0.0 0.0 0.0
311 104 2 0.417 0.756950327 0.0 0.5858822766
312 104 2 0.417 -0.756950327 0.0 0.5858822766
313 105 1 -0.834 0.0 0.0 0.0
314 105 2 0.417 0.756950327 0.0 0.5858822766
315 105 2 0.417 -0.756950327 0.0 0.5858822766
316 106 1 -0.834 0.0 0.0 0.0
317 106 2 0.417 0.756950327 0.0 0.5858822766
318 106 2 0.417 -0.756950327 0.0 0.5858822766
319 107 1 -0.834 0.0 0.0 0.0
320 107 2 0.417 0.756950327 0.0 0.5858822766
321 107 2 0.417 -0.756950327 0.0 0.5858822766
322 108 1 -0.834 0.0 0.0 0.0
323 108 2 0.417 0.756950327 0.0 0.5858822766
324 108 2 0.417 -0.756950327 0.0 0.5858822766
325 109 1 -0.834 0.0 0.0 0.0
326 109 2 0.417 0.756950327 0.0 0.5858822766
327 109 2 0.417 -0.756950327 0.0 0.5858822766
328 110 1 -0.834 0.0 0.0 0.0
329 110 2 0.417 0.756950327 0.0 0.5858822766
330 110 2 0.417 -0.756950327 0.0 0.5858822766
331 111 1 -0.834 0.0 0.0 0.0
332 111 2 0.417 0.756950327 0.0 0.5858822766
333 111 2 0.417 -0.756950327 0.0 0.5858822766
334 112 1 -0.834 0.0 0.0 0.0
335 112 2 0.417 0.756950327 0.0 0.5858822766
336 112 2 0.417 -0.756950327 0.0 0.5858822766
337 113 1 -0.834 0.0 0.0 0.0
338 113 2 0.417 0.756950327 0.0 0.5858822766
339 113 2 0.417 -0.756950327 0.0 0.5858822766
340 114 1 -0.834 0.0 0.0 0.0
341 114 2 0.417 0.756950327 0.0 0.5858822766
342 114 2 0.417 -0.756950327 0.0 0.5858822766
343 115 1 -0.834 0.0 0.0 0.0
344 115 2 0.417 0.756950327 0.0 0.5858822766
345 115 2 0.417 -0.756950327 0.0 0.5858822766
346 116 1 -0.834 0.0 0.0 0.0
347 116 2 0.417 0.756950327 0.0 0.5858822766
348 116 2 0.417 -0.756950327 0.0 0.5858822766
349 117 1 -0.834 0.0 0.0 0.0
350 117 2 0.417 0.756950327 0.0 0.5858822766
351 117 2 0.417 -0.756950327 0.0 0.5858822766
352 118 1 -0.834 0.0 0.0 0.0
353 118 2 0.417 0.756950327 0.0 0.5858822766
354 118 2 0.417 -0.756950327 0.0 0.5858822766
355 119 1 -0.834 0.0 0.0 0.0
356 119 2 0.417 0.756950327 0.0 0.5858822766
357 119 2 0.417 -0.756950327 0.0 0.5858822766
358 120 1 -0.834 0.0 0.0 0.0
359 120 2 0.417 0.756950327 0.0 0.5858822766
360 120 2 0.417 -0.756950327 0.0 0.5858822766
361 121 1 -0.834 0.0 0.0 0.0
362 121 2 0.417 0.756950327 0.0 0.5858822766
363 121 2 0.417 -0.756950327 0.0 0.5858822766
364 122 1 -0.834 0.0 0.0 0.0
365 122 2 0.417 0.756950327 0.0 0.5858822766
366 122 2 0.417 -0.756950327 0.0 0.5858822766
367 123 1 -0.834 0.0 0.0 0.0
368 123 2 0.417 0.756950327 0.0 0.5858822766
369 123 2 0.417 -0.756950327 0.0 0.5858822766
370 124 1 -0.834 0.0 0.0 0.0
371 124 2 0.417 0.756950327 0.0 0.5858822766
372 124 2 0.417 -0.756950327 0.0 0.5858822766
373 125 1 -0.834 0.0 0.0 0.0
374 125 2 0.417 0.756950327 0.0 0.5858822766
375 125 2 0.417 -0.756950327 0.0 0.5858822766
376 126 1 -0.834 0.0 0.0 0.0
377 126 2 0.417 0.756950327 0.0 0.5858822766
378 126 2 0.417 -0.756950327 0.0 0.5858822766
379 127 1 -0.834 0.0 0.0 0.0
380 127 2 0.417 0.756950327 0.0 0.5858822766
381 127 2 0.417 -0.756950327 0.0 0.5858822766
382 128 1 -0.834 0.0 0.0 0.0
383 128 2 0.417 0.756950327 0.0 0.5858822766
384 128 2 0.417 -0.756950327 0.0 0.5858822766
385 129 1 -0.834 0.0 0.0 0.0
386 129 2 0.417 0.756950327 0.0 0.5858822766
387 129 2 0.417 -0.756950327 0.0 0.5858822766
388 130 1 -0.834 0.0 0.0 0.0
389 130 2 0.417 0.756950327 0.0 0.5858822766
390 130 2 0.417 -0.756950327 0.0 0.5858822766
391 131 1 -0.834 0.0 0.0 0.0
392 131 2 0.417 0.756950327 0.0 0.5858822766
393 131 2 0.417 -0.756950327 0.0 0.5858822766
394 132 1 -0.834 0.0 0.0 0.0
395 132 2 0.417 0.756950327 0.0 0.5858822766
396 132 2 0.417 -0.756950327 0.0 0.5858822766
397 133 1 -0.834 0.0 0.0 0.0
398 133 2 0.417 0.756950327 0.0 0.5858822766
399 133 2 0.417 -0.756950327 0.0 0.5858822766
400 134 1 -0.834 0.0 0.0 0.0
401 134 2 0.417 0.756950327 0.0 0.5858822766
402 134 2 0.417 -0.756950327 0.0 0.5858822766
403 135 1 -0.834 0.0 0.0 0.0
404 135 2 0.417 0.756950327 0.0 0.5858822766
405 135 2 0.417 -0.756950327 0.0 0.5858822766
406 136 1 -0.834 0.0 0.0 0.0
407 136 2 0.417 0.756950327 0.0 0.5858822766
408 136 2 0.417 -0.756950327 0.0 0.5858822766
409 137 1 -0.834 0.0 0.0 0.0
410 137 2 0.417 0.756950327 0.0 0.5858822766
411 137 2 0.417 -0.756950327 0.0 0.5858822766
412 138 1 -0.834 0.0 0.0 0.0
413 138 2 0.417 0.756950327 0.0 0.5858822766
414 138 2 0.417 -0.756950327 0.0 0.5858822766
415 139 1 -0.834 0.0 0.0 0.0
416 139 2 0.417 0.756950327 0.0 0.5858822766
417 139 2 0.417 -0.756950327 0.0 0.5858822766
418 140 1 -0.834 0.0 0.0 0.0
419 140 2 0.417 0.756950327 0.0 0.5858822766
420 140 2 0.417 -0.756950327 0.0 0.5858822766
421 141 1 -0.834 0.0 0.0 0.0
422 141 2 0.417 0.756950327 0.0 0.5858822766
423 141 2 0.417 -0.756950327 0.0 0.5858822766
424 142 1 -0.834 0.0 0.0 0.0
425 142 2 0.417 0.756950327 0.0 0.5858822766
426 142 2 0.417 -0.756950327 0.0 0.5858822766
427 143 1 -0.834 0.0 0.0 0.0
428 143 2 0.417 0.756950327 0.0 0.5858822766
429 143 2 0.417 -0.756950327 0.0 0.5858822766
430 144 1 -0.834 0.0 0.0 0.0
431 144 2 0.417 0.756950327 0.0 0.5858822766
432 144 2 0.417 -0.756950327 0.0 0.5858822766
433 145 1 -0.834 0.0 0.0 0.0
434 145 2 0.417 0.756950327 0.0 0.5858822766
435 145 2 0.417 -0.756950327 0.0 0.5858822766
436 146 1 -0.834 0.0 0.0 0.0
437 146 2 0.417 0.756950327 0.0 0.5858822766
438 146 2 0.417 -0.756950327 0.0 0.5858822766
439 147 1 -0.834 0.0 0.0 0.0
440 147 2 0.417 0.756950327 0.0 0.5858822766
441 147 2 0.417 -0.756950327 0.0 0.5858822766
442 148 1 -0.834 0.0 0.0 0.0
443 148 2 0.417 0.756950327 0.0 0.5858822766
444 148 2 0.417 -0.756950327 0.0 0.5858822766
445 149 1 -0.834 0.0 0.0 0.0
446 149 2 0.417 0.756950327 0.0 0.5858822766
447 149 2 0.417 -0.756950327 0.0 0.5858822766
448 150 1 -0.834 0.0 0.0 0.0
449 150 2 0.417 0.756950327 0.0 0.5858822766
450 150 2 0.417 -0.756950327 0.0 0.5858822766
451 151 1 -0.834 0.0 0.0 0.0
452 151 2 0.417 0.756950327 0.0 0.5858822766
453 151 2 0.417 -0.756950327 0.0 0.5858822766
454 152 1 -0.834 0.0 0.0 0.0
455 152 2 0.417 0.756950327 0.0 0.5858822766
456 152 2 0.417 -0.756950327 0.0 0.5858822766
457 153 1 -0.834 0.0 0.0 0.0
458 153 2 0.417 0.756950327 0.0 0.5858822766
459 153 2 0.417 -0.756950327 0.0 0.5858822766
460 154 1 -0.834 0.0 0.0 0.0
461 154 2 0.417 0.756950327 0.0 0.5858822766
462 154 2 0.417 -0.756950327 0.0 0.5858822766
463 155 1 -0.834 0.0 0.0 0.0
464 155 2 0.417 0.756950327 0.0 0.5858822766
465 155 2 0.417 -0.756950327 0.0 0.5858822766
466 156 1 -0.834 0.0 0.0 0.0
467 156 2 0.417 0.756950327 0.0 0.5858822766
468 156 2 0.417 -0.756950327 0.0 0.5858822766
469 157 1 -0.834 0.0 0.0 0.0
470 157 2 0.417 0.756950327 0.0 0.5858822766
471 157 2 0.417 -0.756950327 0.0 0.5858822766
472 158 1 -0.834 0.0 0.0 0.0
473 158 2 0.417 0.756950327 0.0 0.5858822766
474 158 2 0.417 -0.756950327 0.0 0.5858822766
475 159 1 -0.834 0.0 0.0 0.0
476 159 2 0.417 0.756950327 0.0 0.5858822766
477 159 2 0.417 -0.756950327 0.0 0.5858822766
478 160 1 -0.834 0.0 0.0 0.0
479 160 2 0.417 0.756950327 0.0 0.5858822766
480 160 2 0.417 -0.756950327 0.0 0.5858822766
481 161 1 -0.834 0.0 0.0 0.0
482 161 2 0.417 0.756950327 0.0 0.5858822766
483 161 2 0.417 -0.756950327 0.0 0.5858822766
484 162 1 -0.834 0.0 0.0 0.0
485 162 2 0.417 0.756950327 0.0 0.5858822766
486 162 2 0.417 -0.756950327 0.0 0.5858822766
487 163 1 -0.834 0.0 0.0 0.0
488 163 2 0.417 0.756950327 0.0 0.5858822766
489 163 2 0.417 -0.756950327 0.0 0.5858822766
490 164 1 -0.834 0.0 0.0 0.0
491 164 2 0.417 0.756950327 0.0 0.5858822766
492 164 2 0.417 -0.756950327 0.0 0.5858822766
493 165 1 -0.834 0.0 0.0 0.0
494 165 2 0.417 0.756950327 0.0 0.5858822766
495 165 2 0.417 -0.756950327 0.0 0.5858822766
496 166 1 -0.834 0.0 0.0 0.0
497 166 2 0.417 0.756950327 0.0 0.5858822766
498 166 2 0.417 -0.756950327 0.0 0.5858822766
499 167 1 -0.834 0.0 0.0 0.0
500 167 2 0.417 0.756950327 0.0 0.5858822766
501 167 2 0.417 -0.756950327 0.0 0.5858822766
502 168 1 -0.834 0.0 0.0 0.0
503 168 2 0.417 0.756950327 0.0 0.5858822766
504 168 2 0.417 -0.756950327 0.0 0.5858822766
505 169 1 -0.834 0.0 0.0 0.0
506 169 2 0.417 0.756950327 0.0 0.5858822766
507 169 2 0.417 -0.756950327 0.0 0.5858822766
508 170 1 -0.834 0.0 0.0 0.0
509 170 2 0.417 0.756950327 0.0 0.5858822766
510 170 2 0.417 -0.756950327 0.0 0.5858822766
511 171 1 -0.834 0.0 0.0 0.0
512 171 2 0.417 0.756950327 0.0 0.5858822766
513 171 2 0.417 -0.756950327 0.0 0.5858822766
514 172 1 -0.834 0.0 0.0 0.0
515 172 2 0.417 0.756950327 0.0 0.5858822766
516 172 2 0.417 -0.756950327 0.0 0.5858822766
517 173 1 -0.834 0.0 0.0 0.0
518 173 2 0.417 0.756950327 0.0 0.5858822766
519 173 2 0.417 -0.756950327 0.0 0.5858822766
520 174 1 -0.834 0.0 0.0 0.0
521 174 2 0.417 0.756950327 0.0 0.5858822766
522 174 2 0.417 -0.756950327 0.0 0.5858822766
523 175 1 -0.834 0.0 0.0 0.0
524 175 2 0.417 0.756950327 0.0 0.5858822766
525 175 2 0.417 -0.756950327 0.0 0.5858822766
526 176 1 -0.834 0.0 0.0 0.0
527 176 2 0.417 0.756950327 0.0 0.5858822766
528 176 2 0.417 -0.756950327 0.0 0.5858822766
529 177 1 -0.834 0.0 0.0 0.0
530 177 2 0.417 0.756950327 0.0 0.5858822766
531 177 2 0.417 -0.756950327 0.0 0.5858822766
532 178 1 -0.834 0.0 0.0 0.0
533 178 2 0.417 0.756950327 0.0 0.5858822766
534 178 2 0.417 -0.756950327 0.0 0.5858822766
535 179 1 -0.834 0.0 0.0 0.0
536 179 2 0.417 0.756950327 0.0 0.5858822766
537 179 2 0.417 -0.756950327 0.0 0.5858822766
538 180 1 -0.834 0.0 0.0 0.0
539 180 2 0.417 0.756950327 0.0 0.5858822766
540 180 2 0.417 -0.756950327 0.0 0.5858822766
541 181 1 -0.834 0.0 0.0 0.0
542 181 2 0.417 0.756950327 0.0 0.5858822766
543 181 2 0.417 -0.756950327 0.0 0.5858822766
544 182 1 -0.834 0.0 0.0 0.0
545 182 2 0.417 0.756950327 0.0 0.5858822766
546 182 2 0.417 -0.756950327 0.0 0.5858822766
547 183 1 -0.834 0.0 0.0 0.0
548 183 2 0.417 0.756950327 0.0 0.5858822766
549 183 2 0.417 -0.756950327 0.0 0.5858822766
550 184 1 -0.834 0.0 0.0 0.0
551 184 2 0.417 0.756950327 0.0 0.5858822766
552 184 2 0.417 -0.756950327 0.0 0.5858822766
553 185 1 -0.834 0.0 0.0 0.0
554 185 2 0.417 0.756950327 0.0 0.5858822766
555 185 2 0.417 -0.756950327 0.0 0.5858822766
556 186 1 -0.834 0.0 0.0 0.0
557 186 2 0.417 0.756950327 0.0 0.5858822766
558 186 2 0.417 -0.756950327 0.0 0.5858822766
559 187 1 -0.834 0.0 0.0 0.0
560 187 2 0.417 0.756950327 0.0 0.5858822766
561 187 2 0.417 -0.756950327 0.0 0.5858822766
562 188 1 -0.834 0.0 0.0 0.0
563 188 2 0.417 0.756950327 0.0 0.5858822766
564 188 2 0.417 -0.756950327 0.0 0.5858822766
565 189 1 -0.834 0.0 0.0 0.0
566 189 2 0.417 0.756950327 0.0 0.5858822766
567 189 2 0.417 -0.756950327 0.0 0.5858822766
568 190 1 -0.834 0.0 0.0 0.0
569 190 2 0.417 0.756950327 0.0 0.5858822766
570 190 2 0.417 -0.756950327 0.0 0.5858822766
571 191 1 -0.834 0.0 0.0 0.0
572 191 2 0.417 0.756950327 0.0 0.5858822766
573 191 2 0.417 -0.756950327 0.0 0.5858822766
574 192 1 -0.834 0.0 0.0 0.0
575 192 2 0.417 0.756950327 0.0 0.5858822766
576 192 2 0.417 -0.756950327 0.0 0.5858822766
577 193 1 -0.834 0.0 0.0 0.0
578 193 2 0.417 0.756950327 0.0 0.5858822766
579 193 2 0.417 -0.756950327 0.0 0.5858822766
580 194 1 -0.834 0.0 0.0 0.0
581 194 2 0.417 0.756950327 0.0 0.5858822766
582 194 2 0.417 -0.756950327 0.0 0.5858822766
583 195 1 -0.834 0.0 0.0 0.0
584 195 2 0.417 0.756950327 0.0 0.5858822766
585 195 2 0.417 -0.756950327 0.0 0.5858822766
586 196 1 -0.834 0.0 0.0 0.0
587 196 2 0.417 0.756950327 0.0 0.5858822766
588 196 2 0.417 -0.756950327 0.0 0.5858822766
589 197 1 -0.834 0.0 0.0 0.0
590 197 2 0.417 0.756950327 0.0 0.5858822766
591 197 2 0.417 -0.756950327 0.0 0.5858822766
592 198 1 -0.834 0.0 0.0 0.0
593 198 2 0.417 0.756950327 0.0 0.5858822766
594 198 2 0.417 -0.756950327 0.0 0.5858822766
595 199 1 -0.834 0.0 0.0 0.0
596 199 2 0.417 0.756950327 0.0 0.5858822766
597 199 2 0.417 -0.756950327 0.0 0.5858822766
598 200 1 -0.834 0.0 0.0 0.0
599 200 2 0.417 0.756950327 0.0 0.5858822766
600 200 2 0.417 -0.756950327 0.0 0.5858822766
601 201 1 -0.834 0.0 0.0 0.0
602 201 2 0.417 0.756950327 0.0 0.5858822766
603 201 2 0.417 -0.756950327 0.0 0.5858822766
604 202 1 -0.834 0.0 0.0 0.0
605 202 2 0.417 0.756950327 0.0 0.5858822766
606 202 2 0.417 -0.756950327 0.0 0.5858822766
607 203 1 -0.834 0.0 0.0 0.0
608 203 2 0.417 0.756950327 0.0 0.5858822766
609 203 2 0.417 -0.756950327 0.0 0.5858822766
610 204 1 -0.834 0.0 0.0 0.0
611 204 2 0.417 0.756950327 0.0 0.5858822766
612 204 2 0.417 -0.756950327 0.0 0.5858822766
613 205 1 -0.834 0.0 0.0 0.0
614 205 2 0.417 0.756950327 0.0 0.5858822766
615 205 2 0.417 -0.756950327 0.0 0.5858822766
616 206 1 -0.834 0.0 0.0 0.0
617 206 2 0.417 0.756950327 0.0 0.5858822766
618 206 2 0.417 -0.756950327 0.0 0.5858822766
619 207 1 -0.834 0.0 0.0 0.0
620 207 2 0.417 0.756950327 0.0 0.5858822766
621 207 2 0.417 -0.756950327 0.0 0.5858822766
622 208 1 -0.834 0.0 0.0 0.0
623 208 2 0.417 0.756950327 0.0 0.5858822766
624 208 2 0.417 -0.756950327 0.0 0.5858822766
625 209 1 -0.834 0.0 0.0 0.0
626 209 2 0.417 0.756950327 0.0 0.5858822766
627 209 2 0.417 -0.756950327 0.0 0.5858822766
628 210 1 -0.834 0.0 0.0 0.0
629 210 2 0.417 0.756950327 0.0 0.5858822766
630 210 2 0.417 -0.756950327 0.0 0.5858822766
631 211 1 -0.834 0.0 0.0 0.0
632 211 2 0.417 0.756950327 0.0 0.5858822766
633 211 2 0.417 -0.756950327 0.0 0.5858822766
634 212 1 -0.834 0.0 0.0 0.0
635 212 2 0.417 0.756950327 0.0 0.5858822766
636 212 2 0.417 -0.756950327 0.0 0.5858822766
637 213 1 -0.834 0.0 0.0 0.0
638 213 2 0.417 0.756950327 0.0 0.5858822766
639 213 2 0.417 -0.756950327 0.0 0.5858822766
640 214 1 -0.834 0.0 0.0 0.0
641 214 2 0.417 0.756950327 0.0 0.5858822766
642 214 2 0.417 -0.756950327 0.0 0.5858822766
643 215 1 -0.834 0.0 0.0 0.0
644 215 2 0.417 0.756950327 0.0 0.5858822766
645 215 2 0.417 -0.756950327 0.0 0.5858822766
646 216 1 -0.834 0.0 0.0 0.0
647 216 2 0.417 0.756950327 0.0 0.5858822766
648 216 2 0.417 -0.756950327 0.0 0.5858822766
649 217 1 -0.834 0.0 0.0 0.0
650 217 2 0.417 0.756950327 0.0 0.5858822766
651 217 2 0.417 -0.756950327 0.0 0.5858822766
652 218 1 -0.834 0.0 0.0 0.0
653 218 2 0.417 0.756950327 0.0 0.5858822766
654 218 2 0.417 -0.756950327 0.0 0.5858822766
655 219 1 -0.834 0.0 0.0 0.0
656 219 2 0.417 0.756950327 0.0 0.5858822766
657 219 2 0.417 -0.756950327 0.0 0.5858822766
658 220 1 -0.834 0.0 0.0 0.0
659 220 2 0.417 0.756950327 0.0 0.5858822766
660 220 2 0.417 -0.756950327 0.0 0.5858822766
661 221 1 -0.834 0.0 0.0 0.0
662 221 2 0.417 0.756950327 0.0 0.5858822766
663 221 2 0.417 -0.756950327 0.0 0.5858822766
664 222 1 -0.834 0.0 0.0 0.0
665 222 2 0.417 0.756950327 0.0 0.5858822766
666 222 2 0.417 -0.756950327 0.0 0.5858822766
667 223 1 -0.834 0.0 0.0 0.0
668 223 2 0.417 0.756950327 0.0 0.5858822766
669 223 2 0.417 -0.756950327 0.0 0.5858822766
670 224 1 -0.834 0.0 0.0 0.0
671 224 2 0.417 0.756950327 0.0 0.5858822766
672 224 2 0.417 -0.756950327 0.0 0.5858822766
673 225 1 -0.834 0.0 0.0 0.0
674 225 2 0.417 0.756950327 0.0 0.5858822766
675 225 2 0.417 -0.756950327 0.0 0.5858822766
676 226 1 -0.834 0.0 0.0 0.0
677 226 2 0.417 0.756950327 0.0 0.5858822766
678 226 2 0.417 -0.756950327 0.0 0.5858822766
679 227 1 -0.834 0.0 0.0 0.0
680 227 2 0.417 0.756950327 0.0 0.5858822766
681 227 2 0.417 -0.756950327 0.0 0.5858822766
682 228 1 -0.834 0.0 0.0 0.0
683 228 2 0.417 0.756950327 0.0 0.5858822766
684 228 2 0.417 -0.756950327 0.0 0.5858822766
685 229 1 -0.834 0.0 0.0 0.0
686 229 2 0.417 0.756950327 0.0 0.5858822766
687 229 2 0.417 -0.756950327 0.0 0.5858822766
688 230 1 -0.834 0.0 0.0 0.0
689 230 2 0.417 0.756950327 0.0 0.5858822766
690 230 2 0.417 -0.756950327 0.0 0.5858822766
691 231 1 -0.834 0.0 0.0 0.0
692 231 2 0.417 0.756950327 0.0 0.5858822766
693 231 2 0.417 -0.756950327 0.0 0.5858822766
694 232 1 -0.834 0.0 0.0 0.0
695 232 2 0.417 0.756950327 0.0 0.5858822766
696 232 2 0.417 -0.756950327 0.0 0.5858822766
697 233 1 -0.834 0.0 0.0 0.0
698 233 2 0.417 0.756950327 0.0 0.5858822766
699 233 2 0.417 -0.756950327 0.0 0.5858822766
700 234 1 -0.834 0.0 0.0 0.0
701 234 2 0.417 0.756950327 0.0 0.5858822766
702 234 2 0.417 -0.756950327 0.0 0.5858822766
703 235 1 -0.834 0.0 0.0 0.0
704 235 2 0.417 0.756950327 0.0 0.5858822766
705 235 2 0.417 -0.756950327 0.0 0.5858822766
706 236 1 -0.834 0.0 0.0 0.0
707 236 2 0.417 0.756950327 0.0 0.5858822766
708 236 2 0.417 -0.756950327 0.0 0.5858822766
709 237 1 -0.834 0.0 0.0 0.0
710 237 2 0.417 0.756950327 0.0 0.5858822766
711 237 2 0.417 -0.756950327 0.0 0.5858822766
712 238 1 -0.834 0.0 0.0 0.0
713 238 2 0.417 0.756950327 0.0 0.5858822766
714 238 2 0.417 -0.756950327 0.0 0.5858822766
715 239 1 -0.834 0.0 0.0 0.0
716 239 2 0.417 0.756950327 0.0 0.5858822766
717 239 2 0.417 -0.756950327 0.0 0.5858822766
718 240 1 -0.834 0.0 0.0 0.0
719 240 2 0.417 0.756950327 0.0 0.5858822766
720 240 2 0.417 -0.756950327 0.0 0.5858822766
721 241 1 -0.834 0.0 0.0 0.0
722 241 2 0.417 0.756950327 0.0 0.5858822766
723 241 2 0.417 -0.756950327 0.0 0.5858822766
724 242 1 -0.834 0.0 0.0 0.0
725 242 2 0.417 0.756950327 0.0 0.5858822766
726 242 2 0.417 -0.756950327 0.0 0.5858822766
727 243 1 -0.834 0.0 0.0 0.0
728 243 2 0.417 0.756950327 0.0 0.5858822766
729 243 2 0.417 -0.756950327 0.0 0.5858822766
730 244 1 -0.834 0.0 0.0 0.0
731 244 2 0.417 0.756950327 0.0 0.5858822766
732 244 2 0.417 -0.756950327 0.0 0.5858822766
733 245 1 -0.834 0.0 0.0 0.0
734 245 2 0.417 0.756950327 0.0 0.5858822766
735 245 2 0.417 -0.756950327 0.0 0.5858822766
736 246 1 -0.834 0.0 0.0 0.0
737 246 2 0.417 0.756950327 0.0 0.5858822766
738 246 2 0.417 -0.756950327 0.0 0.5858822766
739 247 1 -0.834 0.0 0.0 0.0
740 247 2 0.417 0.756950327 0.0 0.5858822766
741 247 2 0.417 -0.756950327 0.0 0.5858822766
742 248 1 -0.834 0.0 0.0 0.0
743 248 2 0.417 0.756950327 0.0 0.5858822766
744 248 2 0.417 -0.756950327 0.0 0.5858822766
745 249 1 -0.834 0.0 0.0 0.0
746 249 2 0.417 0.756950327 0.0 0.5858822766
747 249 2 0.417 -0.756950327 0.0 0.5858822766
748 250 1 -0.834 0.0 0.0 0.0
749 250 2 0.417 0.756950327 0.0 0.5858822766
750 250 2 0.417 -0.756950327 0.0 0.5858822766
751 251 1 -0.834 0.0 0.0 0.0
752 251 2 0.417 0.756950327 0.0 0.5858822766
753 251 2 0.417 -0.756950327 0.0 0.5858822766
754 252 1 -0.834 0.0 0.0 0.0
755 252 2 0.417 0.756950327 0.0 0.5858822766
756 252 2 0.417 -0.756950327 0.0 0.5858822766
757 253 1 -0.834 0.0 0.0 0.0
758 253 2 0.417 0.756950327 0.0 0.5858822766
759 253 2 0.417 -0.756950327 0.0 0.5858822766
760 254 1 -0.834 0.0 0.0 0.0
761 254 2 0.417 0.756950327 0.0 0.5858822766
762 254 2 0.417 -0.756950327 0.0 0.5858822766
763 255 1 -0.834 0.0 0.0 0.0
764 255 2 0.417 0.756950327 0.0 0.5858822766
765 255 2 0.417 -0.756950327 0.0 0.5858822766
766 256 1 -0.834 0.0 0.0 0.0
767 256 2 0.417 0.756950327 0.0 0.5858822766
768 256 2 0.417 -0.756950327 0.0 0.5858822766
769 257 1 -0.834 0.0 0.0 0.0
770 257 2 0.417 0.756950327 0.0 0.5858822766
771 257 2 0.417 -0.756950327 0.0 0.5858822766
772 258 1 -0.834 0.0 0.0 0.0
773 258 2 0.417 0.756950327 0.0 0.5858822766
774 258 2 0.417 -0.756950327 0.0 0.5858822766
775 259 1 -0.834 0.0 0.0 0.0
776 259 2 0.417 0.756950327 0.0 0.5858822766
777 259 2 0.417 -0.756950327 0.0 0.5858822766
778 260 1 -0.834 0.0 0.0 0.0
779 260 2 0.417 0.756950327 0.0 0.5858822766
780 260 2 0.417 -0.756950327 0.0 0.5858822766
781 261 1 -0.834 0.0 0.0 0.0
782 261 2 0.417 0.756950327 0.0 0.5858822766
783 261 2 0.417 -0.756950327 0.0 0.5858822766
784 262 1 -0.834 0.0 0.0 0.0
785 262 2 0.417 0.756950327 0.0 0.5858822766
786 262 2 0.417 -0.756950327 0.0 0.5858822766
787 263 1 -0.834 0.0 0.0 0.0
788 263 2 0.417 0.756950327 0.0 0.5858822766
789 263 2 0.417 -0.756950327 0.0 0.5858822766
790 264 1 -0.834 0.0 0.0 0.0
791 264 2 0.417 0.756950327 0.0 0.5858822766
792 264 2 0.417 -0.756950327 0.0 0.5858822766
793 265 1 -0.834 0.0 0.0 0.0
794 265 2 0.417 0.756950327 0.0 0.5858822766
795 265 2 0.417 -0.756950327 0.0 0.5858822766
796 266 1 -0.834 0.0 0.0 0.0
797 266 2 0.417 0.756950327 0.0 0.5858822766
798 266 2 0.417 -0.756950327 0.0 0.5858822766
799 267 1 -0.834 0.0 0.0 0.0
800 267 2 0.417 0.756950327 0.0 0.5858822766
801 267 2 0.417 -0.756950327 0.0 0.5858822766
802 268 1 -0.834 0.0 0.0 0.0
803 268 2 0.417 0.756950327 0.0 0.5858822766
804 268 2 0.417 -0.756950327 0.0 0.5858822766
805 269 1 -0.834 0.0 0.0 0.0
806 269 2 0.417 0.756950327 0.0 0.5858822766
807 269 2 0.417 -0.756950327 0.0 0.5858822766
808 270 1 -0.834 0.0 0.0 0.0
809 270 2 0.417 0.756950327 0.0 0.5858822766
810 270 2 0.417 -0.756950327 0.0 0.5858822766
811 271 1 -0.834 0.0 0.0 0.0
812 271 2 0.417 0.756950327 0.0 0.5858822766
813 271 2 0.417 -0.756950327 0.0 0.5858822766
814 272 1 -0.834 0.0 0.0 0.0
815 272 2 0.417 0.756950327 0.0 0.5858822766
816 272 2 0.417 -0.756950327 0.0 0.5858822766
817 273 1 -0.834 0.0 0.0 0.0
818 273 2 0.417 0.756950327 0.0 0.5858822766
819 273 2 0.417 -0.756950327 0.0 0.5858822766
820 274 1 -0.834 0.0 0.0 0.0
821 274 2 0.417 0.756950327 0.0 0.5858822766
822 274 2 0.417 -0.756950327 0.0 0.5858822766
823 275 1 -0.834 0.0 0.0 0.0
824 275 2 0.417 0.756950327 0.0 0.5858822766
825 275 2 0.417 -0.756950327 0.0 0.5858822766
826 276 1 -0.834 0.0 0.0 0.0
827 276 2 0.417 0.756950327 0.0 0.5858822766
828 276 2 0.417 -0.756950327 0.0 0.5858822766
829 277 1 -0.834 0.0 0.0 0.0
830 277 2 0.417 0.756950327 0.0 0.5858822766
831 277 2 0.417 -0.756950327 0.0 0.5858822766
832 278 1 -0.834 0.0 0.0 0.0
833 278 2 0.417 0.756950327 0.0 0.5858822766
834 278 2 0.417 -0.756950327 0.0 0.5858822766
835 279 1 -0.834 0.0 0.0 0.0
836 279 2 0.417 0.756950327 0.0 0.5858822766
837 279 2 0.417 -0.756950327 0.0 0.5858822766
838 280 1 -0.834 0.0 0.0 0.0
839 280 2 0.417 0.756950327 0.0 0.5858822766
840 280 2 0.417 -0.756950327 0.0 0.5858822766
841 281 1 -0.834 0.0 0.0 0.0
842 281 2 0.417 0.756950327 0.0 0.5858822766
843 281 2 0.417 -0.756950327 0.0 0.5858822766
844 282 1 -0.834 0.0 0.0 0.0
845 282 2 0.417 0.756950327 0.0 0.5858822766
846 282 2 0.417 -0.756950327 0.0 0.5858822766
847 283 1 -0.834 0.0 0.0 0.0
848 283 2 0.417 0.756950327 0.0 0.5858822766
849 283 2 0.417 -0.756950327 0.0 0.5858822766
850 284 1 -0.834 0.0 0.0 0.0
851 284 2 0.417 0.756950327 0.0 0.5858822766
852 284 2 0.417 -0.756950327 0.0 0.5858822766
853 285 1 -0.834 0.0 0.0 0.0
854 285 2 0.417 0.756950327 0.0 0.5858822766
855 285 2 0.417 -0.756950327 0.0 0.5858822766
856 286 1 -0.834 0.0 0.0 0.0
857 286 2 0.417 0.756950327 0.0 0.5858822766
858 286 2 0.417 -0.756950327 0.0 0.5858822766
859 287 1 -0.834 0.0 0.0 0.0
860 287 2 0.417 0.756950327 0.0 0.5858822766
861 287 2 0.417 -0.756950327 0.0 0.5858822766
862 288 1 -0.834 0.0 0.0 0.0
863 288 2 0.417 0.756950327 0.0 0.5858822766
864 288 2 0.417 -0.756950327 0.0 0.5858822766
865 289 1 -0.834 0.0 0.0 0.0
866 289 2 0.417 0.756950327 0.0 0.5858822766
867 289 2 0.417 -0.756950327 0.0 0.5858822766
868 290 1 -0.834 0.0 0.0 0.0
869 290 2 0.417 0.756950327 0.0 0.5858822766
870 290 2 0.417 -0.756950327 0.0 0.5858822766
871 291 1 -0.834 0.0 0.0 0.0
872 291 2 0.417 0.756950327 0.0 0.5858822766
873 291 2 0.417 -0.756950327 0.0 0.5858822766
874 292 1 -0.834 0.0 0.0 0.0
875 292 2 0.417 0.756950327 0.0 0.5858822766
876 292 2 0.417 -0.756950327 0.0 0.5858822766
877 293 1 -0.834 0.0 0.0 0.0
878 293 2 0.417 0.756950327 0.0 0.5858822766
879 293 2 0.417 -0.756950327 0.0 0.5858822766
880 294 1 -0.834 0.0 0.0 0.0
881 294 2 0.417 0.756950327 0.0 0.5858822766
882 294 2 0.417 -0.756950327 0.0 0.5858822766
883 295 1 -0.834 0.0 0.0 0.0
884 295 2 0.417 0.756950327 0.0 0.5858822766
885 295 2 0.417 -0.756950327 0.0 0.5858822766
886 296 1 -0.834 0.0 0.0 0.0
887 296 2 0.417 0.756950327 0.0 0.5858822766
888 296 2 0.417 -0.756950327 0.0 0.5858822766
889 297 1 -0.834 0.0 0.0 0.0
890 297 2 0.417 0.756950327 0.0 0.5858822766
891 297 2 0.417 -0.756950327 0.0 0.5858822766
892 298 1 -0.834 0.0 0.0 0.0
893 298 2 0.417 0.756950327 0.0 0.5858822766
894 298 2 0.417 -0.756950327 0.0 0.5858822766
895 299 1 -0.834 0.0 0.0 0.0
896 299 2 0.417 0.756950327 0.0 0.5858822766
897 299 2 0.417 -0.756950327 0.0 0.5858822766
898 300 1 -0.834 0.0 0.0 0.0
899 300 2 0.417 0.756950327 0.0 0.5858822766
900 300 2 0.417 -0.756950327 0.0 0.5858822766
901 301 1 -0.834 0.0 0.0 0.0
902 301 2 0.417 0.756950327 0.0 0.5858822766
903 301 2 0.417 -0.756950327 0.0 0.5858822766
904 302 1 -0.834 0.0 0.0 0.0
905 302 2 0.417 0.756950327 0.0 0.5858822766
906 302 2 0.417 -0.756950327 0.0 0.5858822766
907 303 1 -0.834 0.0 0.0 0.0
908 303 2 0.417 0.756950327 0.0 0.5858822766
909 303 2 0.417 -0.756950327 0.0 0.5858822766
910 304 1 -0.834 0.0 0.0 0.0
911 304 2 0.417 0.756950327 0.0 0.5858822766
912 304 2 0.417 -0.756950327 0.0 0.5858822766
913 305 1 -0.834 0.0 0.0 0.0
914 305 2 0.417 0.756950327 0.0 0.5858822766
915 305 2 0.417 -0.756950327 0.0 0.5858822766
916 306 1 -0.834 0.0 0.0 0.0
917 306 2 0.417 0.756950327 0.0 0.5858822766
918 306 2 0.417 -0.756950327 0.0 0.5858822766
919 307 1 -0.834 0.0 0.0 0.0
920 307 2 0.417 0.756950327 0.0 0.5858822766
921 307 2 0.417 -0.756950327 0.0 0.5858822766
922 308 1 -0.834 0.0 0.0 0.0
923 308 2 0.417 0.756950327 0.0 0.5858822766
924 308 2 0.417 -0.756950327 0.0 0.5858822766
925 309 1 -0.834 0.0 0.0 0.0
926 309 2 0.417 0.756950327 0.0 0.5858822766
927 309 2 0.417 -0.756950327 0.0 0.5858822766
928 310 1 -0.834 0.0 0.0 0.0
929 310 2 0.417 0.756950327 0.0 0.5858822766
930 310 2 0.417 -0.756950327 0.0 0.5858822766
931 311 1 -0.834 0.0 0.0 0.0
932 311 2 0.417 0.756950327 0.0 0.5858822766
933 311 2 0.417 -0.756950327 0.0 0.5858822766
934 312 1 -0.834 0.0 0.0 0.0
935 312 2 0.417 0.756950327 0.0 0.5858822766
936 312 2 0.417 -0.756950327 0.0 0.5858822766
937 313 1 -0.834 0.0 0.0 0.0
938 313 2 0.417 0.756950327 0.0 0.5858822766
939 313 2 0.417 -0.756950327 0.0 0.5858822766
940 314 1 -0.834 0.0 0.0 0.0
941 314 2 0.417 0.756950327 0.0 0.5858822766
942 314 2 0.417 -0.756950327 0.0 0.5858822766
943 315 1 -0.834 0.0 0.0 0.0
944 315 2 0.417 0.756950327 0.0 0.5858822766
945 315 2 0.417 -0.756950327 0.0 0.5858822766
946 316 1 -0.834 0.0 0.0 0.0
947 316 2 0.417 0.756950327 0.0 0.5858822766
948 316 2 0.417 -0.756950327 0.0 0.5858822766
949 317 1 -0.834 0.0 0.0 0.0
950 317 2 0.417 0.756950327 0.0 0.5858822766
951 317 2 0.417 -0.756950327 0.0 0.5858822766
952 318 1 -0.834 0.0 0.0 0.0
953 318 2 0.417 0.756950327 0.0 0.5858822766
954 318 2 0.417 -0.756950327 0.0 0.5858822766
955 319 1 -0.834 0.0 0.0 0.0
956 319 2 0.417 0.756950327 0.0 0.5858822766
957 319 2 0.417 -0.756950327 0.0 0.5858822766
958 320 1 -0.834 0.0 0.0 0.0
959 320 2 0.417 0.756950327 0.0 0.5858822766
960 320 2 0.417 -0.756950327 0.0 0.5858822766
961 321 1 -0.834 0.0 0.0 0.0
962 321 2 0.417 0.756950327 0.0 0.5858822766
963 321 2 0.417 -0.756950327 0.0 0.5858822766
964 322 1 -0.834 0.0 0.0 0.0
965 322 2 0.417 0.756950327 0.0 0.5858822766
966 322 2 0.417 -0.756950327 0.0 0.5858822766
967 323 1 -0.834 0.0 0.0 0.0
968 323 2 0.417 0.756950327 0.0 0.5858822766
969 323 2 0.417 -0.756950327 0.0 0.5858822766
970 324 1 -0.834 0.0 0.0 0.0
971 324 2 0.417 0.756950327 0.0 0.5858822766
972 324 2 0.417 -0.756950327 0.0 0.5858822766
973 325 1 -0.834 0.0 0.0 0.0
974 325 2 0.417 0.756950327 0.0 0.5858822766
975 325 2 0.417 -0.756950327 0.0 0.5858822766
976 326 1 -0.834 0.0 0.0 0.0
977 326 2 0.417 0.756950327 0.0 0.5858822766
978 326 2 0.417 -0.756950327 0.0 0.5858822766
979 327 1 -0.834 0.0 0.0 0.0
980 327 2 0.417 0.756950327 0.0 0.5858822766
981 327 2 0.417 -0.756950327 0.0 0.5858822766
982 328 1 -0.834 0.0 0.0 0.0
983 328 2 0.417 0.756950327 0.0 0.5858822766
984 328 2 0.417 -0.756950327 0.0 0.5858822766
985 329 1 -0.834 0.0 0.0 0.0
986 329 2 0.417 0.756950327 0.0 0.5858822766
987 329 2 0.417 -0.756950327 0.0 0.5858822766
988 330 1 -0.834 0.0 0.0 0.0
989 330 2 0.417 0.756950327 0.0 0.5858822766
990 330 2 0.417 -0.756950327 0.0 0.5858822766
991 331 1 -0.834 0.0 0.0 0.0
992 331 2 0.417 0.756950327 0.0 0.5858822766
993 331 2 0.417 -0.756950327 0.0 0.5858822766
994 332 1 -0.834 0.0 0.0 0.0
995 332 2 0.417 0.756950327 0.0 0.5858822766
996 332 2 0.417 -0.756950327 0.0 0.5858822766
997 333 1 -0.834 0.0 0.0 0.0
998 333 2 0.417 0.756950327 0.0 0.5858822766
999 333 2 0.417 -0.756950327 0.0 0.5858822766
1000 334 1 -0.834 0.0 0.0 0.0
1001 334 2 0.417 0.756950327 0.0 0.5858822766
1002 334 2 0.417 -0.756950327 0.0 0.5858822766
1003 335 1 -0.834 0.0 0.0 0.0
1004 335 2 0.417 0.756950327 0.0 0.5858822766
1005 335 2 0.417 -0.756950327 0.0 0.5858822766
1006 336 1 -0.834 0.0 0.0 0.0
1007 336 2 0.417 0.756950327 0.0 0.5858822766
1008 336 2 0.417 -0.756950327 0.0 0.5858822766
1009 337 1 -0.834 0.0 0.0 0.0
1010 337 2 0.417 0.756950327 0.0 0.5858822766
1011 337 2 0.417 -0.756950327 0.0 0.5858822766
1012 338 1 -0.834 0.0 0.0 0.0
1013 338 2 0.417 0.756950327 0.0 0.5858822766
1014 338 2 0.417 -0.756950327 0.0 0.5858822766
1015 339 1 -0.834 0.0 0.0 0.0
1016 339 2 0.417 0.756950327 0.0 0.5858822766
1017 339 2 0.417 -0.756950327 0.0 0.5858822766
1018 340 1 -0.834 0.0 0.0 0.0
1019 340 2 0.417 0.756950327 0.0 0.5858822766
1020 340 2 0.417 -0.756950327 0.0 0.5858822766
1021 341 1 -0.834 0.0 0.0 0.0
1022 341 2 0.417 0.756950327 0.0 0.5858822766
1023 341 2 0.417 -0.756950327 0.0 0.5858822766
1024 342 1 -0.834 0.0 0.0 0.0
1025 342 2 0.417 0.756950327 0.0 0.5858822766
1026 342 2 0.417 -0.756950327 0.0 0.5858822766
1027 343 1 -0.834 0.0 0.0 0.0
1028 343 2 0.417 0.756950327 0.0 0.5858822766
1029 343 2 0.417 -0.756950327 0.0 0.5858822766
1030 344 1 -0.834 0.0 0.0 0.0
1031 344 2 0.417 0.756950327 0.0 0.5858822766
1032 344 2 0.417 -0.756950327 0.0 0.5858822766
1033 345 1 -0.834 0.0 0.0 0.0
1034 345 2 0.417 0.756950327 0.0 0.5858822766
1035 345 2 0.417 -0.756950327 0.0 0.5858822766
1036 346 1 -0.834 0.0 0.0 0.0
1037 346 2 0.417 0.756950327 0.0 0.5858822766
1038 346 2 0.417 -0.756950327 0.0 0.5858822766
1039 347 1 -0.834 0.0 0.0 0.0
1040 347 2 0.417 0.756950327 0.0 0.5858822766
1041 347 2 0.417 -0.756950327 0.0 0.5858822766
1042 348 1 -0.834 0.0 0.0 0.0
1043 348 2 0.417 0.756950327 0.0 0.5858822766
1044 348 2 0.417 -0.756950327 0.0 0.5858822766
1045 349 1 -0.834 0.0 0.0 0.0
1046 349 2 0.417 0.756950327 0.0 0.5858822766
1047 349 2 0.417 -0.756950327 0.0 0.5858822766
1048 350 1 -0.834 0.0 0.0 0.0
1049 350 2 0.417 0.756950327 0.0 0.5858822766
1050 350 2 0.417 -0.756950327 0.0 0.5858822766
1051 351 1 -0.834 0.0 0.0 0.0
1052 351 2 0.417 0.756950327 0.0 0.5858822766
1053 351 2 0.417 -0.756950327 0.0 0.5858822766
1054 352 1 -0.834 0.0 0.0 0.0
1055 352 2 0.417 0.756950327 0.0 0.5858822766
1056 352 2 0.417 -0.756950327 0.0 0.5858822766
1057 353 1 -0.834 0.0 0.0 0.0
1058 353 2 0.417 0.756950327 0.0 0.5858822766
1059 353 2 0.417 -0.756950327 0.0 0.5858822766
1060 354 1 -0.834 0.0 0.0 0.0
1061 354 2 0.417 0.756950327 0.0 0.5858822766
1062 354 2 0.417 -0.756950327 0.0 0.5858822766
1063 355 1 -0.834 0.0 0.0 0.0
1064 355 2 0.417 0.756950327 0.0 0.5858822766
1065 355 2 0.417 -0.756950327 0.0 0.5858822766
1066 356 1 -0.834 0.0 0.0 0.0
1067 356 2 0.417 0.756950327 0.0 0.5858822766
1068 356 2 0.417 -0.756950327 0.0 0.5858822766
1069 357 1 -0.834 0.0 0.0 0.0
1070 357 2 0.417 0.756950327 0.0 0.5858822766
1071 357 2 0.417 -0.756950327 0.0 0.5858822766
1072 358 1 -0.834 0.0 0.0 0.0
1073 358 2 0.417 0.756950327 0.0 0.5858822766
1074 358 2 0.417 -0.756950327 0.0 0.5858822766
1075 359 1 -0.834 0.0 0.0 0.0
1076 359 2 0.417 0.756950327 0.0 0.5858822766
1077 359 2 0.417 -0.756950327 0.0 0.5858822766
1078 360 1 -0.834 0.0 0.0 0.0
1079 360 2 0.417 0.756950327 0.0 0.5858822766
1080 360 2 0.417 -0.756950327 0.0 0.5858822766
1081 361 1 -0.834 0.0 0.0 0.0
1082 361 2 0.417 0.756950327 0.0 0.5858822766
1083 361 2 0.417 -0.756950327 0.0 0.5858822766
1084 362 1 -0.834 0.0 0.0 0.0
1085 362 2 0.417 0.756950327 0.0 0.5858822766
1086 362 2 0.417 -0.756950327 0.0 0.5858822766
1087 363 1 -0.834 0.0 0.0 0.0
1088 363 2 0.417 0.756950327 0.0 0.5858822766
1089 363 2 0.417 -0.756950327 0.0 0.5858822766
1090 364 1 -0.834 0.0 0.0 0.0
1091 364 2 0.417 0.756950327 0.0 0.5858822766
1092 364 2 0.417 -0.756950327 0.0 0.5858822766
1093 365 1 -0.834 0.0 0.0 0.0
1094 365 2 0.417 0.756950327 0.0 0.5858822766
1095 365 2 0.417 -0.756950327 0.0 0.5858822766
1096 366 1 -0.834 0.0 0.0 0.0
1097 366 2 0.417 0.756950327 0.0 0.5858822766
1098 366 2 0.417 -0.756950327 0.0 0.5858822766
1099 367 1 -0.834 0.0 0.0 0.0
1100 367 2 0.417 0.756950327 0.0 0.5858822766
1101 367 2 0.417 -0.756950327 0.0 0.5858822766
1102 368 1 -0.834 0.0 0.0 0.0
1103 368 2 0.417 0.756950327 0.0 0.5858822766
1104 368 2 0.417 -0.756950327 0.0 0.5858822766
1105 369 1 -0.834 0.0 0.0 0.0
1106 369 2 0.417 0.756950327 0.0 0.5858822766
1107 369 2 0.417 -0.756950327 0.0 0.5858822766
1108 370 1 -0.834 0.0 0.0 0.0
1109 370 2 0.417 0.756950327 0.0 0.5858822766
1110 370 2 0.417 -0.756950327 0.0 0.5858822766
1111 371 1 -0.834 0.0 0.0 0.0
1112 371 2 0.417 0.756950327 0.0 0.5858822766
1113 371 2 0.417 -0.756950327 0.0 0.5858822766
1114 372 1 -0.834 0.0 0.0 0.0
1115 372 2 0.417 0.756950327 0.0 0.5858822766
1116 372 2 0.417 -0.756950327 0.0 0.5858822766
1117 373 1 -0.834 0.0 0.0 0.0
1118 373 2 0.417 0.756950327 0.0 0.5858822766
1119 373 2 0.417 -0.756950327 0.0 0.5858822766
1120 374 1 -0.834 0.0 0.0 0.0
1121 374 2 0.417 0.756950327 0.0 0.5858822766
1122 374 2 0.417 -0.756950327 0.0 0.5858822766
1123 375 1 -0.834 0.0 0.0 0.0
1124 375 2 0.417 0.756950327 0.0 0.5858822766
1125 375 2 0.417 -0.756950327 0.0 0.5858822766
1126 376 1 -0.834 0.0 0.0 0.0
1127 376 2 0.417 0.756950327 0.0 0.5858822766
1128 376 2 0.417 -0.756950327 0.0 0.5858822766
1129 377 1 -0.834 0.0 0.0 0.0
1130 377 2 0.417 0.756950327 0.0 0.5858822766
1131 377 2 0.417 -0.756950327 0.0 0.5858822766
1132 378 1 -0.834 0.0 0.0 0.0
1133 378 2 0.417 0.756950327 0.0 0.5858822766
1134 378 2 0.417 -0.756950327 0.0 0.5858822766
1135 379 1 -0.834 0.0 0.0 0.0
1136 379 2 0.417 0.756950327 0.0 0.5858822766
1137 379 2 0.417 -0.756950327 0.0 0.5858822766
1138 380 1 -0.834 0.0 0.0 0.0
1139 380 2 0.417 0.756950327 0.0 0.5858822766
1140 380 2 0.417 -0.756950327 0.0 0.5858822766
1141 381 1 -0.834 0.0 0.0 0.0
1142 381 2 0.417 0.756950327 0.0 0.5858822766
1143 381 2 0.417 -0.756950327 0.0 0.5858822766
1144 382 1 -0.834 0.0 0.0 0.0
1145 382 2 0.417 0.756950327 0.0 0.5858822766
1146 382 2 0.417 -0.756950327 0.0 0.5858822766
1147 383 1 -0.834 0.0 0.0 0.0
1148 383 2 0.417 0.756950327 0.0 0.5858822766
1149 383 2 0.417 -0.756950327 0.0 0.5858822766
1150 384 1 -0.834 0.0 0.0 0.0
1151 384 2 0.417 0.756950327 0.0 0.5858822766
1152 384 2 0.417 -0.756950327 0.0 0.5858822766
1153 385 1 -0.834 0.0 0.0 0.0
1154 385 2 0.417 0.756950327 0.0 0.5858822766
1155 385 2 0.417 -0.756950327 0.0 0.5858822766
1156 386 1 -0.834 0.0 0.0 0.0
1157 386 2 0.417 0.756950327 0.0 0.5858822766
1158 386 2 0.417 -0.756950327 0.0 0.5858822766
1159 387 1 -0.834 0.0 0.0 0.0
1160 387 2 0.417 0.756950327 0.0 0.5858822766
1161 387 2 0.417 -0.756950327 0.0 0.5858822766
1162 388 1 -0.834 0.0 0.0 0.0
1163 388 2 0.417 0.756950327 0.0 0.5858822766
1164 388 2 0.417 -0.756950327 0.0 0.5858822766
1165 389 1 -0.834 0.0 0.0 0.0
1166 389 2 0.417 0.756950327 0.0 0.5858822766
1167 389 2 0.417 -0.756950327 0.0 0.5858822766
1168 390 1 -0.834 0.0 0.0 0.0
1169 390 2 0.417 0.756950327 0.0 0.5858822766
1170 390 2 0.417 -0.756950327 0.0 0.5858822766
1171 391 1 -0.834 0.0 0.0 0.0
1172 391 2 0.417 0.756950327 0.0 0.5858822766
1173 391 2 0.417 -0.756950327 0.0 0.5858822766
1174 392 1 -0.834 0.0 0.0 0.0
1175 392 2 0.417 0.756950327 0.0 0.5858822766
1176 392 2 0.417 -0.756950327 0.0 0.5858822766
1177 393 1 -0.834 0.0 0.0 0.0
1178 393 2 0.417 0.756950327 0.0 0.5858822766
1179 393 2 0.417 -0.756950327 0.0 0.5858822766
1180 394 1 -0.834 0.0 0.0 0.0
1181 394 2 0.417 0.756950327 0.0 0.5858822766
1182 394 2 0.417 -0.756950327 0.0 0.5858822766
1183 395 1 -0.834 0.0 0.0 0.0
1184 395 2 0.417 0.756950327 0.0 0.5858822766
1185 395 2 0.417 -0.756950327 0.0 0.5858822766
1186 396 1 -0.834 0.0 0.0 0.0
1187 396 2 0.417 0.756950327 0.0 0.5858822766
1188 396 2 0.417 -0.756950327 0.0 0.5858822766
1189 397 1 -0.834 0.0 0.0 0.0
1190 397 2 0.417 0.756950327 0.0 0.5858822766
1191 397 2 0.417 -0.756950327 0.0 0.5858822766
1192 398 1 -0.834 0.0 0.0 0.0
1193 398 2 0.417 0.756950327 0.0 0.5858822766
1194 398 2 0.417 -0.756950327 0.0 0.5858822766
1195 399 1 -0.834 0.0 0.0 0.0
1196 399 2 0.417 0.756950327 0.0 0.5858822766
1197 399 2 0.417 -0.756950327 0.0 0.5858822766
1198 400 1 -0.834 0.0 0.0 0.0
1199 400 2 0.417 0.756950327 0.0 0.5858822766
1200 400 2 0.417 -0.756950327 0.0 0.5858822766
1201 401 1 -0.834 0.0 0.0 0.0
1202 401 2 0.417 0.756950327 0.0 0.5858822766
1203 401 2 0.417 -0.756950327 0.0 0.5858822766
1204 402 1 -0.834 0.0 0.0 0.0
1205 402 2 0.417 0.756950327 0.0 0.5858822766
1206 402 2 0.417 -0.756950327 0.0 0.5858822766
1207 403 1 -0.834 0.0 0.0 0.0
1208 403 2 0.417 0.756950327 0.0 0.5858822766
1209 403 2 0.417 -0.756950327 0.0 0.5858822766
1210 404 1 -0.834 0.0 0.0 0.0
1211 404 2 0.417 0.756950327 0.0 0.5858822766
1212 404 2 0.417 -0.756950327 0.0 0.5858822766
1213 405 1 -0.834 0.0 0.0 0.0
1214 405 2 0.417 0.756950327 0.0 0.5858822766
1215 405 2 0.417 -0.756950327 0.0 0.5858822766
1216 406 1 -0.834 0.0 0.0 0.0
1217 406 2 0.417 0.756950327 0.0 0.5858822766
1218 406 2 0.417 -0.756950327 0.0 0.5858822766
1219 407 1 -0.834 0.0 0.0 0.0
1220 407 2 0.417 0.756950327 0.0 0.5858822766
1221 407 2 0.417 -0.756950327 0.0 0.5858822766
1222 408 1 -0.834 0.0 0.0 0.0
1223 408 2 0.417 0.756950327 0.0 0.5858822766
1224 408 2 0.417 -0.756950327 0.0 0.5858822766
1225 409 1 -0.834 0.0 0.0 0.0
1226 409 2 0.417 0.756950327 0.0 0.5858822766
1227 409 2 0.417 -0.756950327 0.0 0.5858822766
1228 410 1 -0.834 0.0 0.0 0.0
1229 410 2 0.417 0.756950327 0.0 0.5858822766
1230 410 2 0.417 -0.756950327 0.0 0.5858822766
1231 411 1 -0.834 0.0 0.0 0.0
1232 411 2 0.417 0.756950327 0.0 0.5858822766
1233 411 2 0.417 -0.756950327 0.0 0.5858822766
1234 412 1 -0.834 0.0 0.0 0.0
1235 412 2 0.417 0.756950327 0.0 0.5858822766
1236 412 2 0.417 -0.756950327 0.0 0.5858822766
1237 413 1 -0.834 0.0 0.0 0.0
1238 413 2 0.417 0.756950327 0.0 0.5858822766
1239 413 2 0.417 -0.756950327 0.0 0.5858822766
1240 414 1 -0.834 0.0 0.0 0.0
1241 414 2 0.417 0.756950327 0.0 0.5858822766
1242 414 2 0.417 -0.756950327 0.0 0.5858822766
1243 415 1 -0.834 0.0 0.0 0.0
1244 415 2 0.417 0.756950327 0.0 0.5858822766
1245 415 2 0.417 -0.756950327 0.0 0.5858822766
1246 416 1 -0.834 0.0 0.0 0.0
1247 416 2 0.417 0.756950327 0.0 0.5858822766
1248 416 2 0.417 -0.756950327 0.0 0.5858822766
1249 417 1 -0.834 0.0 0.0 0.0
1250 417 2 0.417 0.756950327 0.0 0.5858822766
1251 417 2 0.417 -0.756950327 0.0 0.5858822766
1252 418 1 -0.834 0.0 0.0 0.0
1253 418 2 0.417 0.756950327 0.0 0.5858822766
1254 418 2 0.417 -0.756950327 0.0 0.5858822766
1255 419 1 -0.834 0.0 0.0 0.0
1256 419 2 0.417 0.756950327 0.0 0.5858822766
1257 419 2 0.417 -0.756950327 0.0 0.5858822766
1258 420 1 -0.834 0.0 0.0 0.0
1259 420 2 0.417 0.756950327 0.0 0.5858822766
1260 420 2 0.417 -0.756950327 0.0 0.5858822766
1261 421 1 -0.834 0.0 0.0 0.0
1262 421 2 0.417 0.756950327 0.0 0.5858822766
1263 421 2 0.417 -0.756950327 0.0 0.5858822766
1264 422 1 -0.834 0.0 0.0 0.0
1265 422 2 0.417 0.756950327 0.0 0.5858822766
1266 422 2 0.417 -0.756950327 0.0 0.5858822766
1267 423 1 -0.834 0.0 0.0 0.0
1268 423 2 0.417 0.756950327 0.0 0.5858822766
1269 423 2 0.417 -0.756950327 0.0 0.5858822766
1270 424 1 -0.834 0.0 0.0 0.0
1271 424 2 0.417 0.756950327 0.0 0.5858822766
1272 424 2 0.417 -0.756950327 0.0 0.5858822766
1273 425 1 -0.834 0.0 0.0 0.0
1274 425 2 0.417 0.756950327 0.0 0.5858822766
1275 425 2 0.417 -0.756950327 0.0 0.5858822766
1276 426 1 -0.834 0.0 0.0 0.0
1277 426 2 0.417 0.756950327 0.0 0.5858822766
1278 426 2 0.417 -0.756950327 0.0 0.5858822766
1279 427 1 -0.834 0.0 0.0 0.0
1280 427 2 0.417 0.756950327 0.0 0.5858822766
1281 427 2 0.417 -0.756950327 0.0 0.5858822766
1282 428 1 -0.834 0.0 0.0 0.0
1283 428 2 0.417 0.756950327 0.0 0.5858822766
1284 428 2 0.417 -0.756950327 0.0 0.5858822766
1285 429 1 -0.834 0.0 0.0 0.0
1286 429 2 0.417 0.756950327 0.0 0.5858822766
1287 429 2 0.417 -0.756950327 0.0 0.5858822766
1288 430 1 -0.834 0.0 0.0 0.0
1289 430 2 0.417 0.756950327 0.0 0.5858822766
1290 430 2 0.417 -0.756950327 0.0 0.5858822766
1291 431 1 -0.834 0.0 0.0 0.0
1292 431 2 0.417 0.756950327 0.0 0.5858822766
1293 431 2 0.417 -0.756950327 0.0 0.5858822766
1294 432 1 -0.834 0.0 0.0 0.0
1295 432 2 0.417 0.756950327 0.0 0.5858822766
1296 432 2 0.417 -0.756950327 0.0 0.5858822766
1297 433 1 -0.834 0.0 0.0 0.0
1298 433 2 0.417 0.756950327 0.0 0.5858822766
1299 433 2 0.417 -0.756950327 0.0 0.5858822766
1300 434 1 -0.834 0.0 0.0 0.0
1301 434 2 0.417 0.756950327 0.0 0.5858822766
1302 434 2 0.417 -0.756950327 0.0 0.5858822766
1303 435 1 -0.834 0.0 0.0 0.0
1304 435 2 0.417 0.756950327 0.0 0.5858822766
1305 435 2 0.417 -0.756950327 0.0 0.5858822766
1306 436 1 -0.834 0.0 0.0 0.0
1307 436 2 0.417 0.756950327 0.0 0.5858822766
1308 436 2 0.417 -0.756950327 0.0 0.5858822766
1309 437 1 -0.834 0.0 0.0 0.0
1310 437 2 0.417 0.756950327 0.0 0.5858822766
1311 437 2 0.417 -0.756950327 0.0 0.5858822766
1312 438 1 -0.834 0.0 0.0 0.0
1313 438 2 0.417 0.756950327 0.0 0.5858822766
1314 438 2 0.417 -0.756950327 0.0 0.5858822766
1315 439 1 -0.834 0.0 0.0 0.0
1316 439 2 0.417 0.756950327 0.0 0.5858822766
1317 439 2 0.417 -0.756950327 0.0 0.5858822766
1318 440 1 -0.834 0.0 0.0 0.0
1319 440 2 0.417 0.756950327 0.0 0.5858822766
1320 440 2 0.417 -0.756950327 0.0 0.5858822766
1321 441 1 -0.834 0.0 0.0 0.0
1322 441 2 0.417 0.756950327 0.0 0.5858822766
1323 441 2 0.417 -0.756950327 0.0 0.5858822766
1324 442 1 -0.834 0.0 0.0 0.0
1325 442 2 0.417 0.756950327 0.0 0.5858822766
1326 442 2 0.417 -0.756950327 0.0 0.5858822766
1327 443 1 -0.834 0.0 0.0 0.0
1328 443 2 0.417 0.756950327 0.0 0.5858822766
1329 443 2 0.417 -0.756950327 0.0 0.5858822766
1330 444 1 -0.834 0.0 0.0 0.0
1331 444 2 0.417 0.756950327 0.0 0.5858822766
1332 444 2 0.417 -0.756950327 0.0 0.5858822766
1333 445 1 -0.834 0.0 0.0 0.0
1334 445 2 0.417 0.756950327 0.0 0.5858822766
1335 445 2 0.417 -0.756950327 0.0 0.5858822766
1336 446 1 -0.834 0.0 0.0 0.0
1337 446 2 0.417 0.756950327 0.0 0.5858822766
1338 446 2 0.417 -0.756950327 0.0 0.5858822766
1339 447 1 -0.834 0.0 0.0 0.0
1340 447 2 0.417 0.756950327 0.0 0.5858822766
1341 447 2 0.417 -0.756950327 0.0 0.5858822766
1342 448 1 -0.834 0.0 0.0 0.0
1343 448 2 0.417 0.756950327 0.0 0.5858822766
1344 448 2 0.417 -0.756950327 0.0 0.5858822766
1345 449 1 -0.834 0.0 0.0 0.0
1346 449 2 0.417 0.756950327 0.0 0.5858822766
1347 449 2 0.417 -0.756950327 0.0 0.5858822766
1348 450 1 -0.834 0.0 0.0 0.0
1349 450 2 0.417 0.756950327 0.0 0.5858822766
1350 450 2 0.417 -0.756950327 0.0 0.5858822766
1351 451 1 -0.834 0.0 0.0 0.0
1352 451 2 0.417 0.756950327 0.0 0.5858822766
1353 451 2 0.417 -0.756950327 0.0 0.5858822766
1354 452 1 -0.834 0.0 0.0 0.0
1355 452 2 0.417 0.756950327 0.0 0.5858822766
1356 452 2 0.417 -0.756950327 0.0 0.5858822766
1357 453 1 -0.834 0.0 0.0 0.0
1358 453 2 0.417 0.756950327 0.0 0.5858822766
1359 453 2 0.417 -0.756950327 0.0 0.5858822766
1360 454 1 -0.834 0.0 0.0 0.0
1361 454 2 0.417 0.756950327 0.0 0.5858822766
1362 454 2 0.417 -0.756950327 0.0 0.5858822766
1363 455 1 -0.834 0.0 0.0 0.0
1364 455 2 0.417 0.756950327 0.0 0.5858822766
1365 455 2 0.417 -0.756950327 0.0 0.5858822766
1366 456 1 -0.834 0.0 0.0 0.0
1367 456 2 0.417 0.756950327 0.0 0.5858822766
1368 456 2 0.417 -0.756950327 0.0 0.5858822766
1369 457 1 -0.834 0.0 0.0 0.0
1370 457 2 0.417 0.756950327 0.0 0.5858822766
1371 457 2 0.417 -0.756950327 0.0 0.5858822766
1372 458 1 -0.834 0.0 0.0 0.0
1373 458 2 0.417 0.756950327 0.0 0.5858822766
1374 458 2 0.417 -0.756950327 0.0 0.5858822766
1375 459 1 -0.834 0.0 0.0 0.0
1376 459 2 0.417 0.756950327 0.0 0.5858822766
1377 459 2 0.417 -0.756950327 0.0 0.5858822766
1378 460 1 -0.834 0.0 0.0 0.0
1379 460 2 0.417 0.756950327 0.0 0.5858822766
1380 460 2 0.417 -0.756950327 0.0 0.5858822766
1381 461 1 -0.834 0.0 0.0 0.0
1382 461 2 0.417 0.756950327 0.0 0.5858822766
1383 461 2 0.417 -0.756950327 0.0 0.5858822766
1384 462 1 -0.834 0.0 0.0 0.0
1385 462 2 0.417 0.756950327 0.0 0.5858822766
1386 462 2 0.417 -0.756950327 0.0 0.5858822766
1387 463 1 -0.834 0.0 0.0 0.0
1388 463 2 0.417 0.756950327 0.0 0.5858822766
1389 463 2 0.417 -0.756950327 0.0 0.5858822766
1390 464 1 -0.834 0.0 0.0 0.0
1391 464 2 0.417 0.756950327 0.0 0.5858822766
1392 464 2 0.417 -0.756950327 0.0 0.5858822766
1393 465 1 -0.834 0.0 0.0 0.0
1394 465 2 0.417 0.756950327 0.0 0.5858822766
1395 465 2 0.417 -0.756950327 0.0 0.5858822766
1396 466 1 -0.834 0.0 0.0 0.0
1397 466 2 0.417 0.756950327 0.0 0.5858822766
1398 466 2 0.417 -0.756950327 0.0 0.5858822766
1399 467 1 -0.834 0.0 0.0 0.0
1400 467 2 0.417 0.756950327 0.0 0.5858822766
1401 467 2 0.417 -0.756950327 0.0 0.5858822766
1402 468 1 -0.834 0.0 0.0 0.0
1403 468 2 0.417 0.756950327 0.0 0.5858822766
1404 468 2 0.417 -0.756950327 0.0 0.5858822766
1405 469 1 -0.834 0.0 0.0 0.0
1406 469 2 0.417 0.756950327 0.0 0.5858822766
1407 469 2 0.417 -0.756950327 0.0 0.5858822766
1408 470 1 -0.834 0.0 0.0 0.0
1409 470 2 0.417 0.756950327 0.0 0.5858822766
1410 470 2 0.417 -0.756950327 0.0 0.5858822766
1411 471 1 -0.834 0.0 0.0 0.0
1412 471 2 0.417 0.756950327 0.0 0.5858822766
1413 471 2 0.417 -0.756950327 0.0 0.5858822766
1414 472 1 -0.834 0.0 0.0 0.0
1415 472 2 0.417 0.756950327 0.0 0.5858822766
1416 472 2 0.417 -0.756950327 0.0 0.5858822766
1417 473 1 -0.834 0.0 0.0 0.0
1418 473 2 0.417 0.756950327 0.0 0.5858822766
1419 473 2 0.417 -0.756950327 0.0 0.5858822766
1420 474 1 -0.834 0.0 0.0 0.0
1421 474 2 0.417 0.756950327 0.0 0.5858822766
1422 474 2 0.417 -0.756950327 0.0 0.5858822766
1423 475 1 -0.834 0.0 0.0 0.0
1424 475 2 0.417 0.756950327 0.0 0.5858822766
1425 475 2 0.417 -0.756950327 0.0 0.5858822766
1426 476 1 -0.834 0.0 0.0 0.0
1427 476 2 0.417 0.756950327 0.0 0.5858822766
1428 476 2 0.417 -0.756950327 0.0 0.5858822766
1429 477 1 -0.834 0.0 0.0 0.0
1430 477 2 0.417 0.756950327 0.0 0.5858822766
1431 477 2 0.417 -0.756950327 0.0 0.5858822766
1432 478 1 -0.834 0.0 0.0 0.0
1433 478 2 0.417 0.756950327 0.0 0.5858822766
1434 478 2 0.417 -0.756950327 0.0 0.5858822766
1435 479 1 -0.834 0.0 0.0 0.0
1436 479 2 0.417 0.756950327 0.0 0.5858822766
1437 479 2 0.417 -0.756950327 0.0 0.5858822766
1438 480 1 -0.834 0.0 0.0 0.0
1439 480 2 0.417 0.756950327 0.0 0.5858822766
1440 480 2 0.417 -0.756950327 0.0 0.5858822766
1441 481 1 -0.834 0.0 0.0 0.0
1442 481 2 0.417 0.756950327 0.0 0.5858822766
1443 481 2 0.417 -0.756950327 0.0 0.5858822766
1444 482 1 -0.834 0.0 0.0 0.0
1445 482 2 0.417 0.756950327 0.0 0.5858822766
1446 482 2 0.417 -0.756950327 0.0 0.5858822766
1447 483 1 -0.834 0.0 0.0 0.0
1448 483 2 0.417 0.756950327 0.0 0.5858822766
1449 483 2 0.417 -0.756950327 0.0 0.5858822766
1450 484 1 -0.834 0.0 0.0 0.0
1451 484 2 0.417 0.756950327 0.0 0.5858822766
1452 484 2 0.417 -0.756950327 0.0 0.5858822766
1453 485 1 -0.834 0.0 0.0 0.0
1454 485 2 0.417 0.756950327 0.0 0.5858822766
1455 485 2 0.417 -0.756950327 0.0 0.5858822766
1456 486 1 -0.834 0.0 0.0 0.0
1457 486 2 0.417 0.756950327 0.0 0.5858822766
1458 486 2 0.417 -0.756950327 0.0 0.5858822766
1459 487 1 -0.834 0.0 0.0 0.0
1460 487 2 0.417 0.756950327 0.0 0.5858822766
1461 487 2 0.417 -0.756950327 0.0 0.5858822766
1462 488 1 -0.834 0.0 0.0 0.0
1463 488 2 0.417 0.756950327 0.0 0.5858822766
1464 488 2 0.417 -0.756950327 0.0 0.5858822766
1465 489 1 -0.834 0.0 0.0 0.0
1466 489 2 0.417 0.756950327 0.0 0.5858822766
1467 489 2 0.417 -0.756950327 0.0 0.5858822766
1468 490 1 -0.834 0.0 0.0 0.0
1469 490 2 0.417 0.756950327 0.0 0.5858822766
1470 490 2 0.417 -0.756950327 0.0 0.5858822766
1471 491 1 -0.834 0.0 0.0 0.0
1472 491 2 0.417 0.756950327 0.0 0.5858822766
1473 491 2 0.417 -0.756950327 0.0 0.5858822766
1474 492 1 -0.834 0.0 0.0 0.0
1475 492 2 0.417 0.756950327 0.0 0.5858822766
1476 492 2 0.417 -0.756950327 0.0 0.5858822766
1477 493 1 -0.834 0.0 0.0 0.0
1478 493 2 0.417 0.756950327 0.0 0.5858822766
1479 493 2 0.417 -0.756950327 0.0 0.5858822766
1480 494 1 -0.834 0.0 0.0 0.0
1481 494 2 0.417 0.756950327 0.0 0.5858822766
1482 494 2 0.417 -0.756950327 0.0 0.5858822766
1483 495 1 -0.834 0.0 0.0 0.0
1484 495 2 0.417 0.756950327 0.0 0.5858822766
1485 495 2 0.417 -0.756950327 0.0 0.5858822766
1486 496 1 -0.834 0.0 0.0 0.0
1487 496 2 0.417 0.756950327 0.0 0.5858822766
1488 496 2 0.417 -0.756950327 0.0 0.5858822766
1489 497 1 -0.834 0.0 0.0 0.0
1490 497 2 0.417 0.756950327 0.0 0.5858822766
1491 497 2 0.417 -0.756950327 0.0 0.5858822766
1492 498 1 -0.834 0.0 0.0 0.0
1493 498 2 0.417 0.756950327 0.0 0.5858822766
1494 498 2 0.417 -0.756950327 0.0 0.5858822766
1495 499 1 -0.834 0.0 0.0 0.0
1496 499 2 0.417 0.756950327 0.0 0.5858822766
1497 499 2 0.417 -0.756950327 0.0 0.5858822766
1498 500 1 -0.834 0.0 0.0 0.0
1499 500 2 0.417 0.756950327 0.0 0.5858822766
1500 500 2 0.417 -0.756950327 0.0 0.5858822766
1501 501 1 -0.834 0.0 0.0 0.0
1502 501 2 0.417 0.756950327 0.0 0.5858822766
1503 501 2 0.417 -0.756950327 0.0 0.5858822766
1504 502 1 -0.834 0.0 0.0 0.0
1505 502 2 0.417 0.756950327 0.0 0.5858822766
1506 502 2 0.417 -0.756950327 0.0 0.5858822766
1507 503 1 -0.834 0.0 0.0 0.0
1508 503 2 0.417 0.756950327 0.0 0.5858822766
1509 503 2 0.417 -0.756950327 0.0 0.5858822766
1510 504 1 -0.834 0.0 0.0 0.0
1511 504 2 0.417 0.756950327 0.0 0.5858822766
1512 504 2 0.417 -0.756950327 0.0 0.5858822766
1513 505 1 -0.834 0.0 0.0 0.0
1514 505 2 0.417 0.756950327 0.0 0.5858822766
1515 505 2 0.417 -0.756950327 0.0 0.5858822766
1516 506 1 -0.834 0.0 0.0 0.0
1517 506 2 0.417 0.756950327 0.0 0.5858822766
1518 506 2 0.417 -0.756950327 0.0 0.5858822766
1519 507 1 -0.834 0.0 0.0 0.0
1520 507 2 0.417 0.756950327 0.0 0.5858822766
1521 507 2 0.417 -0.756950327 0.0 0.5858822766
1522 508 1 -0.834 0.0 0.0 0.0
1523 508 2 0.417 0.756950327 0.0 0.5858822766
1524 508 2 0.417 -0.756950327 0.0 0.5858822766
1525 509 1 -0.834 0.0 0.0 0.0
1526 509 2 0.417 0.756950327 0.0 0.5858822766
1527 509 2 0.417 -0.756950327 0.0 0.5858822766
1528 510 1 -0.834 0.0 0.0 0.0
1529 510 2 0.417 0.756950327 0.0 0.5858822766
1530 510 2 0.417 -0.756950327 0.0 0.5858822766
1531 511 1 -0.834 0.0 0.0 0.0
1532 511 2 0.417 0.756950327 0.0 0.5858822766
1533 511 2 0.417 -0.756950327 0.0 0.5858822766
1534 512 1 -0.834 0.0 0.0 0.0
1535 512 2 0.417 0.756950327 0.0 0.5858822766
1536 512 2 0.417 -0.756950327 0.0 0.5858822766
1537 513 3 -0.299143 0.0 0.0 0.0
1538 513 4 0.074786 0.629 0.629 0.629
1539 513 5 0.074786 -0.629 -0.629 0.629
1540 513 6 0.074786 -0.629 0.629 -0.629
1541 513 7 0.074785 0.629 -0.629 -0.629
1542 514 3 -0.299143 0.0 0.0 0.0
1543 514 4 0.074786 0.629 0.629 0.629
1544 514 5 0.074786 -0.629 -0.629 0.629
1545 514 6 0.074786 -0.629 0.629 -0.629
1546 514 7 0.074785 0.629 -0.629 -0.629
1547 515 3 -0.299143 0.0 0.0 0.0
1548 515 4 0.074786 0.629 0.629 0.629
1549 515 5 0.074786 -0.629 -0.629 0.629
1550 515 6 0.074786 -0.629 0.629 -0.629
1551 515 7 0.074785 0.629 -0.629 -0.629
1552 516 3 -0.299143 0.0 0.0 0.0
1553 516 4 0.074786 0.629 0.629 0.629
1554 516 5 0.074786 -0.629 -0.629 0.629
1555 516 6 0.074786 -0.629 0.629 -0.629
1556 516 7 0.074785 0.629 -0.629 -0.629
1557 517 3 -0.299143 0.0 0.0 0.0
1558 517 4 0.074786 0.629 0.629 0.629
1559 517 5 0.074786 -0.629 -0.629 0.629
1560 517 6 0.074786 -0.629 0.629 -0.629
1561 517 7 0.074785 0.629 -0.629 -0.629
1562 518 3 -0.299143 0.0 0.0 0.0
1563 518 4 0.074786 0.629 0.629 0.629
1564 518 5 0.074786 -0.629 -0.629 0.629
1565 518 6 0.074786 -0.629 0.629 -0.629
1566 518 7 0.074785 0.629 -0.629 -0.629
1567 519 3 -0.299143 0.0 0.0 0.0
1568 519 4 0.074786 0.629 0.629 0.629
1569 519 5 0.074786 -0.629 -0.629 0.629
1570 519 6 0.074786 -0.629 0.629 -0.629
1571 519 7 0.074785 0.629 -0.629 -0.629
1572 520 3 -0.299143 0.0 0.0 0.0
1573 520 4 0.074786 0.629 0.629 0.629
1574 520 5 0.074786 -0.629 -0.629 0.629
1575 520 6 0.074786 -0.629 0.629 -0.629
1576 520 7 0.074785 0.629 -0.629 -0.629
1577 521 3 -0.299143 0.0 0.0 0.0
1578 521 4 0.074786 0.629 0.629 0.629
1579 521 5 0.074786 -0.629 -0.629 0.629
1580 521 6 0.074786 -0.629 0.629 -0.629
1581 521 7 0.074785 0.629 -0.629 -0.629
1582 522 3 -0.299143 0.0 0.0 0.0
1583 522 4 0.074786 0.629 0.629 0.629
1584 522 5 0.074786 -0.629 -0.629 0.629
1585 522 6 0.074786 -0.629 0.629 -0.629
1586 522 7 0.074785 0.629 -0.629 -0.629
1587 523 3 -0.299143 0.0 0.0 0.0
1588 523 4 0.074786 0.629 0.629 0.629
1589 523 5 0.074786 -0.629 -0.629 0.629
1590 523 6 0.074786 -0.629 0.629 -0.629
1591 523 7 0.074785 0.629 -0.629 -0.629
1592 524 3 -0.299143 0.0 0.0 0.0
1593 524 4 0.074786 0.629 0.629 0.629
1594 524 5 0.074786 -0.629 -0.629 0.629
1595 524 6 0.074786 -0.629 0.629 -0.629
1596 524 7 0.074785 0.629 -0.629 -0.629
1597 525 3 -0.299143 0.0 0.0 0.0
1598 525 4 0.074786 0.629 0.629 0.629
1599 525 5 0.074786 -0.629 -0.629 0.629
1600 525 6 0.074786 -0.629 0.629 -0.629
1601 525 7 0.074785 0.629 -0.629 -0.629
1602 526 3 -0.299143 0.0 0.0 0.0
1603 526 4 0.074786 0.629 0.629 0.629
1604 526 5 0.074786 -0.629 -0.629 0.629
1605 526 6 0.074786 -0.629 0.629 -0.629
1606 526 7 0.074785 0.629 -0.629 -0.629
1607 527 3 -0.299143 0.0 0.0 0.0
1608 527 4 0.074786 0.629 0.629 0.629
1609 527 5 0.074786 -0.629 -0.629 0.629
1610 527 6 0.074786 -0.629 0.629 -0.629
1611 527 7 0.074785 0.629 -0.629 -0.629
1612 528 3 -0.299143 0.0 0.0 0.0
1613 528 4 0.074786 0.629 0.629 0.629
1614 528 5 0.074786 -0.629 -0.629 0.629
1615 528 6 0.074786 -0.629 0.629 -0.629
1616 528 7 0.074785 0.629 -0.629 -0.629
1617 529 3 -0.299143 0.0 0.0 0.0
1618 529 4 0.074786 0.629 0.629 0.629
1619 529 5 0.074786 -0.629 -0.629 0.629
1620 529 6 0.074786 -0.629 0.629 -0.629
1621 529 7 0.074785 0.629 -0.629 -0.629
1622 530 3 -0.299143 0.0 0.0 0.0
1623 530 4 0.074786 0.629 0.629 0.629
1624 530 5 0.074786 -0.629 -0.629 0.629
1625 530 6 0.074786 -0.629 0.629 -0.629
1626 530 7 0.074785 0.629 -0.629 -0.629
1627 531 3 -0.299143 0.0 0.0 0.0
1628 531 4 0.074786 0.629 0.629 0.629
1629 531 5 0.074786 -0.629 -0.629 0.629
1630 531 6 0.074786 -0.629 0.629 -0.629
1631 531 7 0.074785 0.629 -0.629 -0.629
1632 532 3 -0.299143 0.0 0.0 0.0
1633 532 4 0.074786 0.629 0.629 0.629
1634 532 5 0.074786 -0.629 -0.629 0.629
1635 532 6 0.074786 -0.629 0.629 -0.629
1636 532 7 0.074785 0.629 -0.629 -0.629
1637 533 3 -0.299143 0.0 0.0 0.0
1638 533 4 0.074786 0.629 0.629 0.629
1639 533 5 0.074786 -0.629 -0.629 0.629
1640 533 6 0.074786 -0.629 0.629 -0.629
1641 533 7 0.074785 0.629 -0.629 -0.629
1642 534 3 -0.299143 0.0 0.0 0.0
1643 534 4 0.074786 0.629 0.629 0.629
1644 534 5 0.074786 -0.629 -0.629 0.629
1645 534 6 0.074786 -0.629 0.629 -0.629
1646 534 7 0.074785 0.629 -0.629 -0.629
1647 535 3 -0.299143 0.0 0.0 0.0
1648 535 4 0.074786 0.629 0.629 0.629
1649 535 5 0.074786 -0.629 -0.629 0.629
1650 535 6 0.074786 -0.629 0.629 -0.629
1651 535 7 0.074785 0.629 -0.629 -0.629
1652 536 3 -0.299143 0.0 0.0 0.0
1653 536 4 0.074786 0.629 0.629 0.629
1654 536 5 0.074786 -0.629 -0.629 0.629
1655 536 6 0.074786 -0.629 0.629 -0.629
1656 536 7 0.074785 0.629 -0.629 -0.629
1657 537 3 -0.299143 0.0 0.0 0.0
1658 537 4 0.074786 0.629 0.629 0.629
1659 537 5 0.074786 -0.629 -0.629 0.629
1660 537 6 0.074786 -0.629 0.629 -0.629
1661 537 7 0.074785 0.629 -0.629 -0.629
1662 538 3 -0.299143 0.0 0.0 0.0
1663 538 4 0.074786 0.629 0.629 0.629
1664 538 5 0.074786 -0.629 -0.629 0.629
1665 538 6 0.074786 -0.629 0.629 -0.629
1666 538 7 0.074785 0.629 -0.629 -0.629
1667 539 3 -0.299143 0.0 0.0 0.0
1668 539 4 0.074786 0.629 0.629 0.629
1669 539 5 0.074786 -0.629 -0.629 0.629
1670 539 6 0.074786 -0.629 0.629 -0.629
1671 539 7 0.074785 0.629 -0.629 -0.629
