1 1 2 1 3
2 1 5 4 6
3 1 8 7 9
4 1 11 10 12
5 1 14 13 15
6 1 17 16 18
7 1 20 19 21
8 1 23 22 24
9 1 26 25 27
10 1 29 28 30
11 1 32 31 33
12 1 35 34 36
13 1 38 37 39
14 1 41 40 42
15 1 44 43 45
16 1 47 46 48
17 1 50 49 51
18 1 53 52 54
19 1 56 55 57
20 1 59 58 60
21 1 62 61 63
22 1 65 64 66
23 1 68 67 69
24 1 71 70 72
25 1 74 73 75
26 1 77 76 78
27 1 80 79 81
28 1 83 82 84
29 1 86 85 87
30 1 89 88 90
31 1 92 91 93
32 1 95 94 96
33 1 98 97 99
34 1 101 100 102
35 1 104 103 105
36 1 107 106 108
37 1 110 109 111
38 1 113 112 114
39 1 116 115 117
40 1 119 118 120
41 1 122 121 123
42 1 125 124 126
43 1 128 127 129
44 1 131 130 132
45 1 134 133 135
46 1 137 136 138
47 1 140 139 141
48 1 143 142 144
49 1 146 145 147
50 1 149 148 150
51 1 152 151 153
52 1 155 154 156
53 1 158 157 159
54 1 161 160 162
55 1 164 163 165
56 1 167 166 168
57 1 170 169 171
58 1 173 172 174
59 1 176 175 177
60 1 179 178 180
61 1 182 181 183
62 1 185 184 186
63 1 188 187 189
64 1 191 190 192
65 1 194 193 195
66 1 197 196 198
67 1 200 199 201
68 1 203 202 204
69 1 206 205 207
70 1 209 208 210
71 1 212 211 213
72 1 215 214 216
73 1 218 217 219
74 1 221 220 222
75 1 224 223 225
76 1 227 226 228
77 1 230 229 231
78 1 233 232 234
79 1 236 235 237
80 1 239 238 240
81 1 242 241 243
82 1 245 244 246
83 1 248 247 249
84 1 251 250 252
85 1 254 253 255
86 1 257 256 258
87 1 260 259 261
88 1 263 262 264
89 1 266 265 267
90 1 269 268 270
91 1 272 271 273
92 1 275 274 276
93 1 278 277 279
94 1 281 280 282
95 1 284 283 285
96 1 287 286 288
97 1 290 289 291
98 1 293 292 294
99 1 296 295 297
100 1 299 298 300
101 1 302 301 303
102 1 305 304 306
103 1 308 307 309
104 1 311 310 312
105 1 314 313 315
106 1 317 316 318
107 1 320 319 321
108 1 323 322 324
109 1 326 325 327
110 1 329 328 330
111 1 332 331 333
112 1 335 334 336
113 1 338 337 339
114 1 341 340 342
115 1 344 343 345
116 1 347 346 348
117 1 350 349 351
118 1 353 352 354
119 1 356 355 357
120 1 359 358 360
121 1 362 361 363
122 1 365 364 366
123 1 368 367 369
124 1 371 370 372
125 1 374 373 375
126 1 377 376 378
127 1 380 379 381
128 1 383 382 384
129 1 386 385 387
130 1 389 388 390
131 1 392 391 393
132 1 395 394 396
133 1 398 397 399
134 1 401 400 402
135 1 404 403 405
136 1 407 406 408
137 1 410 409 411
138 1 413 412 414
139 1 416 415 417
140 1 419 418 420
141 1 422 421 423
142 1 425 424 426
143 1 428 427 429
144 1 431 430 432
145 1 434 433 435
146 1 437 436 438
147 1 440 439 441
148 1 443 442 444
149 1 446 445 447
150 1 449 448 450
151 1 452 451 453
152 1 455 454 456
153 1 458 457 459
154 1 461 460 462
155 1 464 463 465
156 1 467 466 468
157 1 470 469 471
158 1 473 472 474
159 1 476 475 477
160 1 479 478 480
161 1 482 481 483
162 1 485 484 486
163 1 488 487 489
164 1 491 490 492
165 1 494 493 495
166 1 497 496 498
167 1 500 499 501
168 1 503 502 504
169 1 506 505 507
170 1 509 508 510
171 1 512 511 513
172 1 515 514 516
173 1 518 517 519
174 1 521 520 522
175 1 524 523 525
176 1 527 526 528
177 1 530 529 531
178 1 533 532 534
179 1 536 535 537
180 1 539 538 540
181 1 542 541 543
182 1 545 544 546
183 1 548 547 549
184 1 551 550 552
185 1 554 553 555
186 1 557 556 558
187 1 560 559 561
188 1 563 562 564
189 1 566 565 567
190 1 569 568 570
191 1 572 571 573
192 1 575 574 576
193 1 578 577 579
194 1 581 580 582
195 1 584 583 585
196 1 587 586 588
197 1 590 589 591
198 1 593 592 594
199 1 596 595 597
200 1 599 598 600
201 1 602 601 603
202 1 605 604 606
203 1 608 607 609
204 1 611 610 612
205 1 614 613 615
206 1 617 616 618
207 1 620 619 621
208 1 623 622 624
209 1 626 625 627
210 1 629 628 630
211 1 632 631 633
212 1 635 634 636
213 1 638 637 639
214 1 641 640 642
215 1 644 643 645
216 1 647 646 648
217 1 650 649 651
218 1 653 652 654
219 1 656 655 657
220 1 659 658 660
221 1 662 661 663
222 1 665 664 666
223 1 668 667 669
224 1 671 670 672
225 1 674 673 675
226 1 677 676 678
227 1 680 679 681
228 1 683 682 684
229 1 686 685 687
230 1 689 688 690
231 1 692 691 693
232 1 695 694 696
233 1 698 697 699
234 1 701 700 702
235 1 704 703 705
236 1 707 706 708
237 1 710 709 711
238 1 713 712 714
239 1 716 715 717
240 1 719 718 720
241 1 722 721 723
242 1 725 724 726
243 1 728 727 729
244 1 731 730 732
245 1 734 733 735
246 1 737 736 738
247 1 740 739 741
248 1 743 742 744
249 1 746 745 747
250 1 749 748 750
251 1 752 751 753
252 1 755 754 756
253 1 758 757 759
254 1 761 760 762
255 1 764 763 765
256 1 767 766 768
257 1 770 769 771
258 1 773 772 774
259 1 776 775 777
260 1 779 778 780
261 1 782 781 783
262 1 785 784 786
263 1 788 787 789
264 1 791 790 792
265 1 794 793 795
266 1 797 796 798
267 1 800 799 801
268 1 803 802 804
269 1 806 805 807
270 1 809 808 810
271 1 812 811 813
272 1 815 814 816
273 1 818 817 819
274 1 821 820 822
275 1 824 823 825
276 1 827 826 828
277 1 830 829 831
278 1 833 832 834
279 1 836 835 837
280 1 839 838 840
281 1 842 841 843
282 1 845 844 846
283 1 848 847 849
284 1 851 850 852
285 1 854 853 855
286 1 857 856 858
287 1 860 859 861
288 1 863 862 864
289 1 866 865 867
290 1 869 868 870
291 1 872 871 873
292 1 875 874 876
293 1 878 877 879
294 1 881 880 882
295 1 884 883 885
296 1 887 886 888
297 1 890 889 891
298 1 893 892 894
299 1 896 895 897
300 1 899 898 900
301 1 902 901 903
302 1 905 904 906
303 1 908 907 909
304 1 911 910 912
305 1 914 913 915
306 1 917 916 918
307 1 920 919 921
308 1 923 922 924
309 1 926 925 927
310 1 929 928 930
311 1 932 931 933
312 1 935 934 936
313 1 938 937 939
314 1 941 940 942
315 1 944 943 945
316 1 947 946 948
317 1 950 949 951
318 1 953 952 954
319 1 956 955 957
320 1 959 958 960
321 1 962 961 963
322 1 965 964 966
323 1 968 967 969
324 1 971 970 972
325 1 974 973 975
326 1 977 976 978
327 1 980 979 981
328 1 983 982 984
329 1 986 985 987
330 1 989 988 990
331 1 992 991 993
332 1 995 994 996
333 1 998 997 999
334 1 1001 1000 1002
335 1 1004 1003 1005
336 1 1007 1006 1008
337 1 1010 1009 1011
338 1 1013 1012 1014
339 1 1016 1015 1017
340 1 1019 1018 1020
341 1 1022 1021 1023
342 1 1025 1024 1026
343 1 1028 1027 1029
344 1 1031 1030 1032
345 1 1034 1033 1035
346 1 1037 1036 1038
347 1 1040 1039 1041
348 1 1043 1042 1044
349 1 1046 1045 1047
350 1 1049 1048 1050
351 1 1052 1051 1053
352 1 1055 1054 1056
353 1 1058 1057 1059
354 1 1061 1060 1062
355 1 1064 1063 1065
356 1 1067 1066 1068
357 1 1070 1069 1071
358 1 1073 1072 1074
359 1 1076 1075 1077
360 1 1079 1078 1080
361 1 1082 1081 1083
362 1 1085 1084 1086
363 1 1088 1087 1089
364 1 1091 1090 1092
365 1 1094 1093 1095
366 1 1097 1096 1098
367 1 1100 1099 1101
368 1 1103 1102 1104
369 1 1106 1105 1107
370 1 1109 1108 1110
371 1 1112 1111 1113
372 1 1115 1114 1116
373 1 1118 1117 1119
374 1 1121 1120 1122
375 1 1124 1123 1125
376 1 1127 1126 1128
377 1 1130 1129 1131
378 1 1133 1132 1134
379 1 1136 1135 1137
380 1 1139 1138 1140
381 1 1142 1141 1143
382 1 1145 1144 1146
383 1 1148 1147 1149
384 1 1151 1150 1152
385 1 1154 1153 1155
386 1 1157 1156 1158
387 1 1160 1159 1161
388 1 1163 1162 1164
389 1 1166 1165 1167
390 1 1169 1168 1170
391 1 1172 1171 1173
392 1 1175 1174 1176
393 1 1178 1177 1179
394 1 1181 1180 1182
395 1 1184 1183 1185
396 1 1187 1186 1188
397 1 1190 1189 1191
398 1 1193 1192 1194
399 1 1196 1195 1197
400 1 1199 1198 1200
401 1 1202 1201 1203
402 1 1205 1204 1206
403 1 1208 1207 1209
404 1 1211 1210 1212
405 1 1214 1213 1215
406 1 1217 1216 1218
407 1 1220 1219 1221
408 1 1223 1222 1224
409 1 1226 1225 1227
410 1 1229 1228 1230
411 1 1232 1231 1233
412 1 1235 1234 1236
413 1 1238 1237 1239
414 1 1241 1240 1242
415 1 1244 1243 1245
416 1 1247 1246 1248
417 1 1250 1249 1251
418 1 1253 1252 1254
419 1 1256 1255 1257
420 1 1259 1258 1260
421 1 1262 1261 1263
422 1 1265 1264 1266
423 1 1268 1267 1269
424 1 1271 1270 1272
425 1 1274 1273 1275
426 1 1277 1276 1278
427 1 1280 1279 1281
428 1 1283 1282 1284
429 1 1286 1285 1287
430 1 1289 1288 1290
431 1 1292 1291 1293
432 1 1295 1294 1296
433 1 1298 1297 1299
434 1 1301 1300 1302
435 1 1304 1303 1305
436 1 1307 1306 1308
437 1 1310 1309 1311
438 1 1313 1312 1314
439 1 1316 1315 1317
440 1 1319 1318 1320
441 1 1322 1321 1323
442 1 1325 1324 1326
443 1 1328 1327 1329
444 1 1331 1330 1332
445 1 1334 1333 1335
446 1 1337 1336 1338
447 1 1340 1339 1341
448 1 1343 1342 1344
449 1 1346 1345 1347
450 1 1349 1348 1350
451 1 1352 1351 1353
452 1 1355 1354 1356
453 1 1358 1357 1359
454 1 1361 1360 1362
455 1 1364 1363 1365
456 1 1367 1366 1368
457 1 1370 1369 1371
458 1 1373 1372 1374
459 1 1376 1375 1377
460 1 1379 1378 1380
461 1 1382 1381 1383
462 1 1385 1384 1386
463 1 1388 1387 1389
464 1 1391 1390 1392
465 1 1394 1393 1395
466 1 1397 1396 1398
467 1 1400 1399 1401
468 1 1403 1402 1404
469 1 1406 1405 1407
470 1 1409 1408 1410
471 1 1412 1411 1413
472 1 1415 1414 1416
473 1 1418 1417 1419
474 1 1421 1420 1422
475 1 1424 1423 1425
476 1 1427 1426 1428
477 1 1430 1429 1431
478 1 1433 1432 1434
479 1 1436 1435 1437
480 1 1439 1438 1440
481 1 1442 1441 1443
482 1 1445 1444 1446
483 1 1448 1447 1449
484 1 1451 1450 1452
485 1 1454 1453 1455
486 1 1457 1456 1458
487 1 1460 1459 1461
488 1 1463 1462 1464
489 1 1466 1465 1467
490 1 1469 1468 1470
491 1 1472 1471 1473
492 1 1475 1474 1476
493 1 1478 1477 1479
494 1 1481 1480 1482
495 1 1484 1483 1485
496 1 1487 1486 1488
497 1 1490 1489 1491
498 1 1493 1492 1494
499 1 1496 1495 1497
500 1 1499 1498 1500
501 1 1502 1501 1503
502 1 1505 1504 1506
503 1 1508 1507 1509
504 1 1511 1510 1512
505 1 1514 1513 1515
506 1 1517 1516 1518
507 1 1520 1519 1521
508 1 1523 1522 1524
509 1 1526 1525 1527
510 1 1529 1528 1530
511 1 1532 1531 1533
512 1 1535 1534 1536
513 2 1538 1537 1539
514 3 1538 1537 1540
515 4 1538 1537 1541
516 5 1539 1537 1540
517 6 1539 1537 1541
518 7 1540 1537 1541
519 2 1543 1542 1544
520 3 1543 1542 1545
521 4 1543 1542 1546
522 5 1544 1542 1545
523 6 1544 1542 1546
524 7 1545 1542 1546
525 2 1548 1547 1549
526 3 1548 1547 1550
527 4 1548 1547 1551
528 5 1549 1547 1550
529 6 1549 1547 1551
530 7 1550 1547 1551
531 2 1553 1552 1554
532 3 1553 1552 1555
533 4 1553 1552 1556
534 5 1554 1552 1555
535 6 1554 1552 1556
536 7 1555 1552 1556
537 2 1558 1557 1559
538 3 1558 1557 1560
539 4 1558 1557 1561
540 5 1559 1557 1560
541 6 1559 1557 1561
542 7 1560 1557 1561
543 2 1563 1562 1564
544 3 1563 1562 1565
545 4 1563 1562 1566
546 5 1564 1562 1565
547 6 1564 1562 1566
548 7 1565 1562 1566
549 2 1568 1567 1569
550 3 1568 1567 1570
551 4 1568 1567 1571
552 5 1569 1567 1570
553 6 1569 1567 1571
554 7 1570 1567 1571
555 2 1573 1572 1574
556 3 1573 1572 1575
557 4 1573 1572 1576
558 5 1574 1572 1575
559 6 1574 1572 1576
560 7 1575 1572 1576
561 2 1578 1577 1579
562 3 1578 1577 1580
563 4 1578 1577 1581
564 5 1579 1577 1580
565 6 1579 1577 1581
566 7 1580 1577 1581
567 2 1583 1582 1584
568 3 1583 1582 1585
569 4 1583 1582 1586
570 5 1584 1582 1585
571 6 1584 1582 1586
572 7 1585 1582 1586
573 2 1588 1587 1589
574 3 1588 1587 1590
575 4 1588 1587 1591
576 5 1589 1587 1590
577 6 1589 1587 1591
578 7 1590 1587 1591
579 2 1593 1592 1594
580 3 1593 1592 1595
581 4 1593 1592 1596
582 5 1594 1592 1595
583 6 1594 1592 1596
584 7 1595 1592 1596
585 2 1598 1597 1599
586 3 1598 1597 1600
587 4 1598 1597 1601
588 5 1599 1597 1600
589 6 1599 1597 1601
590 7 1600 1597 1601
591 2 1603 1602 1604
592 3 1603 1602 1605
593 4 1603 1602 1606
594 5 1604 1602 1605
595 6 1604 1602 1606
596 7 1605 1602 1606
597 2 1608 1607 1609
598 3 1608 1607 1610
599 4 1608 1607 1611
600 5 1609 1607 1610
601 6 1609 1607 1611
602 7 1610 1607 1611
603 2 1613 1612 1614
604 3 1613 1612 1615
605 4 1613 1612 1616
606 5 1614 1612 1615
607 6 1614 1612 1616
608 7 1615 1612 1616
609 2 1618 1617 1619
610 3 1618 1617 1620
611 4 1618 1617 1621
612 5 1619 1617 1620
613 6 1619 1617 1621
614 7 1620 1617 1621
615 2 1623 1622 1624
616 3 1623 1622 1625
617 4 1623 1622 1626
618 5 1624 1622 1625
619 6 1624 1622 1626
620 7 1625 1622 1626
621 2 1628 1627 1629
622 3 1628 1627 1630
623 4 1628 1627 1631
624 5 1629 1627 1630
625 6 1629 1627 1631
626 7 1630 1627 1631
627 2 1633 1632 1634
628 3 1633 1632 1635
629 4 1633 1632 1636
630 5 1634 1632 1635
631 6 1634 1632 1636
632 7 1635 1632 1636
633 2 1638 1637 1639
634 3 1638 1637 1640
635 4 1638 1637 1641
636 5 1639 1637 1640
637 6 1639 1637 1641
638 7 1640 1637 1641
639 2 1643 1642 1644
640 3 1643 1642 1645
641 4 1643 1642 1646
642 5 1644 1642 1645
643 6 1644 1642 1646
644 7 1645 1642 1646
645 2 1648 1647 1649
646 3 1648 1647 1650
647 4 1648 1647 1651
648 5 1649 1647 1650
649 6 1649 1647 1651
650 7 1650 1647 1651
651 2 1653 1652 1654
652 3 1653 1652 1655
653 4 1653 1652 1656
654 5 1654 1652 1655
655 6 1654 1652 1656
656 7 1655 1652 1656
657 2 1658 1657 1659
658 3 1658 1657 1660
659 4 1658 1657 1661
660 5 1659 1657 1660
661 6 1659 1657 1661
662 7 1660 1657 1661
663 2 1663 1662 1664
664 3 1663 1662 1665
665 4 1663 1662 1666
666 5 1664 1662 1665
667 6 1664 1662 1666
668 7 1665 1662 1666
669 2 1668 1667 1669
670 3 1668 1667 1670
671 4 1668 1667 1671
672 5 1669 1667 1670
673 6 1669 1667 1671
674 7 1670 1667 1671
