1 1 1 -0.250766 -0.667 0.0 0.0
2 1 2 -0.250766 0.675 0.0 0.0
3 1 3 0.125383 -1.227 -0.922 0.07
4 1 4 0.125383 -1.227 0.922 -0.07
5 1 5 0.125383 1.234 0.922 -0.07
6 1 6 0.125383 1.234 -0.922 0.07
7 2 1 -0.250766 -0.667 0.0 0.0
8 2 2 -0.250766 0.675 0.0 0.0
9 2 3 0.125383 -1.227 -0.922 0.07
10 2 4 0.125383 -1.227 0.922 -0.07
11 2 5 0.125383 1.234 0.922 -0.07
12 2 6 0.125383 1.234 -0.922 0.07
13 3 1 -0.250766 -0.667 0.0 0.0
14 3 2 -0.250766 0.675 0.0 0.0
15 3 3 0.125383 -1.227 -0.922 0.07
16 3 4 0.125383 -1.227 0.922 -0.07
17 3 5 0.125383 1.234 0.922 -0.07
18 3 6 0.125383 1.234 -0.922 0.07
19 4 1 -0.250766 -0.667 0.0 0.0
20 4 2 -0.250766 0.675 0.0 0.0
21 4 3 0.125383 -1.227 -0.922 0.07
22 4 4 0.125383 -1.227 0.922 -0.07
23 4 5 0.125383 1.234 0.922 -0.07
24 4 6 0.125383 1.234 -0.922 0.07
25 5 1 -0.250766 -0.667 0.0 0.0
26 5 2 -0.250766 0.675 0.0 0.0
27 5 3 0.125383 -1.227 -0.922 0.07
28 5 4 0.125383 -1.227 0.922 -0.07
29 5 5 0.125383 1.234 0.922 -0.07
30 5 6 0.125383 1.234 -0.922 0.07
31 6 1 -0.250766 -0.667 0.0 0.0
32 6 2 -0.250766 0.675 0.0 0.0
33 6 3 0.125383 -1.227 -0.922 0.07
34 6 4 0.125383 -1.227 0.922 -0.07
35 6 5 0.125383 1.234 0.922 -0.07
36 6 6 0.125383 1.234 -0.922 0.07
37 7 1 -0.250766 -0.667 0.0 0.0
38 7 2 -0.250766 0.675 0.0 0.0
39 7 3 0.125383 -1.227 -0.922 0.07
40 7 4 0.125383 -1.227 0.922 -0.07
41 7 5 0.125383 1.234 0.922 -0.07
42 7 6 0.125383 1.234 -0.922 0.07
43 8 1 -0.250766 -0.667 0.0 0.0
44 8 2 -0.250766 0.675 0.0 0.0
45 8 3 0.125383 -1.227 -0.922 0.07
46 8 4 0.125383 -1.227 0.922 -0.07
47 8 5 0.125383 1.234 0.922 -0.07
48 8 6 0.125383 1.234 -0.922 0.07
49 9 1 -0.250766 -0.667 0.0 0.0
50 9 2 -0.250766 0.675 0.0 0.0
51 9 3 0.125383 -1.227 -0.922 0.07
52 9 4 0.125383 -1.227 0.922 -0.07
53 9 5 0.125383 1.234 0.922 -0.07
54 9 6 0.125383 1.234 -0.922 0.07
55 10 1 -0.250766 -0.667 0.0 0.0
56 10 2 -0.250766 0.675 0.0 0.0
57 10 3 0.125383 -1.227 -0.922 0.07
58 10 4 0.125383 -1.227 0.922 -0.07
59 10 5 0.125383 1.234 0.922 -0.07
60 10 6 0.125383 1.234 -0.922 0.07
61 11 1 -0.250766 -0.667 0.0 0.0
62 11 2 -0.250766 0.675 0.0 0.0
63 11 3 0.125383 -1.227 -0.922 0.07
64 11 4 0.125383 -1.227 0.922 -0.07
65 11 5 0.125383 1.234 0.922 -0.07
66 11 6 0.125383 1.234 -0.922 0.07
67 12 1 -0.250766 -0.667 0.0 0.0
68 12 2 -0.250766 0.675 0.0 0.0
69 12 3 0.125383 -1.227 -0.922 0.07
70 12 4 0.125383 -1.227 0.922 -0.07
71 12 5 0.125383 1.234 0.922 -0.07
72 12 6 0.125383 1.234 -0.922 0.07
73 13 1 -0.250766 -0.667 0.0 0.0
74 13 2 -0.250766 0.675 0.0 0.0
75 13 3 0.125383 -1.227 -0.922 0.07
76 13 4 0.125383 -1.227 0.922 -0.07
77 13 5 0.125383 1.234 0.922 -0.07
78 13 6 0.125383 1.234 -0.922 0.07
79 14 1 -0.250766 -0.667 0.0 0.0
80 14 2 -0.250766 0.675 0.0 0.0
81 14 3 0.125383 -1.227 -0.922 0.07
82 14 4 0.125383 -1.227 0.922 -0.07
83 14 5 0.125383 1.234 0.922 -0.07
84 14 6 0.125383 1.234 -0.922 0.07
85 15 1 -0.250766 -0.667 0.0 0.0
86 15 2 -0.250766 0.675 0.0 0.0
87 15 3 0.125383 -1.227 -0.922 0.07
88 15 4 0.125383 -1.227 0.922 -0.07
89 15 5 0.125383 1.234 0.922 -0.07
90 15 6 0.125383 1.234 -0.922 0.07
91 16 1 -0.250766 -0.667 0.0 0.0
92 16 2 -0.250766 0.675 0.0 0.0
93 16 3 0.125383 -1.227 -0.922 0.07
94 16 4 0.125383 -1.227 0.922 -0.07
95 16 5 0.125383 1.234 0.922 -0.07
96 16 6 0.125383 1.234 -0.922 0.07
97 17 1 -0.250766 -0.667 0.0 0.0
98 17 2 -0.250766 0.675 0.0 0.0
99 17 3 0.125383 -1.227 -0.922 0.07
100 17 4 0.125383 -1.227 0.922 -0.07
101 17 5 0.125383 1.234 0.922 -0.07
102 17 6 0.125383 1.234 -0.922 0.07
103 18 1 -0.250766 -0.667 0.0 0.0
104 18 2 -0.250766 0.675 0.0 0.0
105 18 3 0.125383 -1.227 -0.922 0.07
106 18 4 0.125383 -1.227 0.922 -0.07
107 18 5 0.125383 1.234 0.922 -0.07
108 18 6 0.125383 1.234 -0.922 0.07
109 19 1 -0.250766 -0.667 0.0 0.0
110 19 2 -0.250766 0.675 0.0 0.0
111 19 3 0.125383 -1.227 -0.922 0.07
112 19 4 0.125383 -1.227 0.922 -0.07
113 19 5 0.125383 1.234 0.922 -0.07
114 19 6 0.125383 1.234 -0.922 0.07
115 20 1 -0.250766 -0.667 0.0 0.0
116 20 2 -0.250766 0.675 0.0 0.0
117 20 3 0.125383 -1.227 -0.922 0.07
118 20 4 0.125383 -1.227 0.922 -0.07
119 20 5 0.125383 1.234 0.922 -0.07
120 20 6 0.125383 1.234 -0.922 0.07
121 21 1 -0.250766 -0.667 0.0 0.0
122 21 2 -0.250766 0.675 0.0 0.0
123 21 3 0.125383 -1.227 -0.922 0.07
124 21 4 0.125383 -1.227 0.922 -0.07
125 21 5 0.125383 1.234 0.922 -0.07
126 21 6 0.125383 1.234 -0.922 0.07
127 22 1 -0.250766 -0.667 0.0 0.0
128 22 2 -0.250766 0.675 0.0 0.0
129 22 3 0.125383 -1.227 -0.922 0.07
130 22 4 0.125383 -1.227 0.922 -0.07
131 22 5 0.125383 1.234 0.922 -0.07
132 22 6 0.125383 1.234 -0.922 0.07
133 23 1 -0.250766 -0.667 0.0 0.0
134 23 2 -0.250766 0.675 0.0 0.0
135 23 3 0.125383 -1.227 -0.922 0.07
136 23 4 0.125383 -1.227 0.922 -0.07
137 23 5 0.125383 1.234 0.922 -0.07
138 23 6 0.125383 1.234 -0.922 0.07
139 24 1 -0.250766 -0.667 0.0 0.0
140 24 2 -0.250766 0.675 0.0 0.0
141 24 3 0.125383 -1.227 -0.922 0.07
142 24 4 0.125383 -1.227 0.922 -0.07
143 24 5 0.125383 1.234 0.922 -0.07
144 24 6 0.125383 1.234 -0.922 0.07
145 25 1 -0.250766 -0.667 0.0 0.0
146 25 2 -0.250766 0.675 0.0 0.0
147 25 3 0.125383 -1.227 -0.922 0.07
148 25 4 0.125383 -1.227 0.922 -0.07
149 25 5 0.125383 1.234 0.922 -0.07
150 25 6 0.125383 1.234 -0.922 0.07
151 26 1 -0.250766 -0.667 0.0 0.0
152 26 2 -0.250766 0.675 0.0 0.0
153 26 3 0.125383 -1.227 -0.922 0.07
154 26 4 0.125383 -1.227 0.922 -0.07
155 26 5 0.125383 1.234 0.922 -0.07
156 26 6 0.125383 1.234 -0.922 0.07
157 27 1 -0.250766 -0.667 0.0 0.0
158 27 2 -0.250766 0.675 0.0 0.0
159 27 3 0.125383 -1.227 -0.922 0.07
160 27 4 0.125383 -1.227 0.922 -0.07
161 27 5 0.125383 1.234 0.922 -0.07
162 27 6 0.125383 1.234 -0.922 0.07
163 28 1 -0.250766 -0.667 0.0 0.0
164 28 2 -0.250766 0.675 0.0 0.0
165 28 3 0.125383 -1.227 -0.922 0.07
166 28 4 0.125383 -1.227 0.922 -0.07
167 28 5 0.125383 1.234 0.922 -0.07
168 28 6 0.125383 1.234 -0.922 0.07
169 29 1 -0.250766 -0.667 0.0 0.0
170 29 2 -0.250766 0.675 0.0 0.0
171 29 3 0.125383 -1.227 -0.922 0.07
172 29 4 0.125383 -1.227 0.922 -0.07
173 29 5 0.125383 1.234 0.922 -0.07
174 29 6 0.125383 1.234 -0.922 0.07
175 30 1 -0.250766 -0.667 0.0 0.0
176 30 2 -0.250766 0.675 0.0 0.0
177 30 3 0.125383 -1.227 -0.922 0.07
178 30 4 0.125383 -1.227 0.922 -0.07
179 30 5 0.125383 1.234 0.922 -0.07
180 30 6 0.125383 1.234 -0.922 0.07
181 31 1 -0.250766 -0.667 0.0 0.0
182 31 2 -0.250766 0.675 0.0 0.0
183 31 3 0.125383 -1.227 -0.922 0.07
184 31 4 0.125383 -1.227 0.922 -0.07
185 31 5 0.125383 1.234 0.922 -0.07
186 31 6 0.125383 1.234 -0.922 0.07
187 32 1 -0.250766 -0.667 0.0 0.0
188 32 2 -0.250766 0.675 0.0 0.0
189 32 3 0.125383 -1.227 -0.922 0.07
190 32 4 0.125383 -1.227 0.922 -0.07
191 32 5 0.125383 1.234 0.922 -0.07
192 32 6 0.125383 1.234 -0.922 0.07
193 33 1 -0.250766 -0.667 0.0 0.0
194 33 2 -0.250766 0.675 0.0 0.0
195 33 3 0.125383 -1.227 -0.922 0.07
196 33 4 0.125383 -1.227 0.922 -0.07
197 33 5 0.125383 1.234 0.922 -0.07
198 33 6 0.125383 1.234 -0.922 0.07
199 34 1 -0.250766 -0.667 0.0 0.0
200 34 2 -0.250766 0.675 0.0 0.0
201 34 3 0.125383 -1.227 -0.922 0.07
202 34 4 0.125383 -1.227 0.922 -0.07
203 34 5 0.125383 1.234 0.922 -0.07
204 34 6 0.125383 1.234 -0.922 0.07
205 35 1 -0.250766 -0.667 0.0 0.0
206 35 2 -0.250766 0.675 0.0 0.0
207 35 3 0.125383 -1.227 -0.922 0.07
208 35 4 0.125383 -1.227 0.922 -0.07
209 35 5 0.125383 1.234 0.922 -0.07
210 35 6 0.125383 1.234 -0.922 0.07
211 36 1 -0.250766 -0.667 0.0 0.0
212 36 2 -0.250766 0.675 0.0 0.0
213 36 3 0.125383 -1.227 -0.922 0.07
214 36 4 0.125383 -1.227 0.922 -0.07
215 36 5 0.125383 1.234 0.922 -0.07
216 36 6 0.125383 1.234 -0.922 0.07
217 37 1 -0.250766 -0.667 0.0 0.0
218 37 2 -0.250766 0.675 0.0 0.0
219 37 3 0.125383 -1.227 -0.922 0.07
220 37 4 0.125383 -1.227 0.922 -0.07
221 37 5 0.125383 1.234 0.922 -0.07
222 37 6 0.125383 1.234 -0.922 0.07
223 38 1 -0.250766 -0.667 0.0 0.0
224 38 2 -0.250766 0.675 0.0 0.0
225 38 3 0.125383 -1.227 -0.922 0.07
226 38 4 0.125383 -1.227 0.922 -0.07
227 38 5 0.125383 1.234 0.922 -0.07
228 38 6 0.125383 1.234 -0.922 0.07
229 39 1 -0.250766 -0.667 0.0 0.0
230 39 2 -0.250766 0.675 0.0 0.0
231 39 3 0.125383 -1.227 -0.922 0.07
232 39 4 0.125383 -1.227 0.922 -0.07
233 39 5 0.125383 1.234 0.922 -0.07
234 39 6 0.125383 1.234 -0.922 0.07
235 40 1 -0.250766 -0.667 0.0 0.0
236 40 2 -0.250766 0.675 0.0 0.0
237 40 3 0.125383 -1.227 -0.922 0.07
238 40 4 0.125383 -1.227 0.922 -0.07
239 40 5 0.125383 1.234 0.922 -0.07
240 40 6 0.125383 1.234 -0.922 0.07
241 41 1 -0.250766 -0.667 0.0 0.0
242 41 2 -0.250766 0.675 0.0 0.0
243 41 3 0.125383 -1.227 -0.922 0.07
244 41 4 0.125383 -1.227 0.922 -0.07
245 41 5 0.125383 1.234 0.922 -0.07
246 41 6 0.125383 1.234 -0.922 0.07
247 42 1 -0.250766 -0.667 0.0 0.0
248 42 2 -0.250766 0.675 0.0 0.0
249 42 3 0.125383 -1.227 -0.922 0.07
250 42 4 0.125383 -1.227 0.922 -0.07
251 42 5 0.125383 1.234 0.922 -0.07
252 42 6 0.125383 1.234 -0.922 0.07
253 43 1 -0.250766 -0.667 0.0 0.0
254 43 2 -0.250766 0.675 0.0 0.0
255 43 3 0.125383 -1.227 -0.922 0.07
256 43 4 0.125383 -1.227 0.922 -0.07
257 43 5 0.125383 1.234 0.922 -0.07
258 43 6 0.125383 1.234 -0.922 0.07
259 44 1 -0.250766 -0.667 0.0 0.0
260 44 2 -0.250766 0.675 0.0 0.0
261 44 3 0.125383 -1.227 -0.922 0.07
262 44 4 0.125383 -1.227 0.922 -0.07
263 44 5 0.125383 1.234 0.922 -0.07
264 44 6 0.125383 1.234 -0.922 0.07
265 45 1 -0.250766 -0.667 0.0 0.0
266 45 2 -0.250766 0.675 0.0 0.0
267 45 3 0.125383 -1.227 -0.922 0.07
268 45 4 0.125383 -1.227 0.922 -0.07
269 45 5 0.125383 1.234 0.922 -0.07
270 45 6 0.125383 1.234 -0.922 0.07
271 46 1 -0.250766 -0.667 0.0 0.0
272 46 2 -0.250766 0.675 0.0 0.0
273 46 3 0.125383 -1.227 -0.922 0.07
274 46 4 0.125383 -1.227 0.922 -0.07
275 46 5 0.125383 1.234 0.922 -0.07
276 46 6 0.125383 1.234 -0.922 0.07
277 47 1 -0.250766 -0.667 0.0 0.0
278 47 2 -0.250766 0.675 0.0 0.0
279 47 3 0.125383 -1.227 -0.922 0.07
280 47 4 0.125383 -1.227 0.922 -0.07
281 47 5 0.125383 1.234 0.922 -0.07
282 47 6 0.125383 1.234 -0.922 0.07
283 48 1 -0.250766 -0.667 0.0 0.0
284 48 2 -0.250766 0.675 0.0 0.0
285 48 3 0.125383 -1.227 -0.922 0.07
286 48 4 0.125383 -1.227 0.922 -0.07
287 48 5 0.125383 1.234 0.922 -0.07
288 48 6 0.125383 1.234 -0.922 0.07
289 49 1 -0.250766 -0.667 0.0 0.0
290 49 2 -0.250766 0.675 0.0 0.0
291 49 3 0.125383 -1.227 -0.922 0.07
292 49 4 0.125383 -1.227 0.922 -0.07
293 49 5 0.125383 1.234 0.922 -0.07
294 49 6 0.125383 1.234 -0.922 0.07
295 50 1 -0.250766 -0.667 0.0 0.0
296 50 2 -0.250766 0.675 0.0 0.0
297 50 3 0.125383 -1.227 -0.922 0.07
298 50 4 0.125383 -1.227 0.922 -0.07
299 50 5 0.125383 1.234 0.922 -0.07
300 50 6 0.125383 1.234 -0.922 0.07
301 51 1 -0.250766 -0.667 0.0 0.0
302 51 2 -0.250766 0.675 0.0 0.0
303 51 3 0.125383 -1.227 -0.922 0.07
304 51 4 0.125383 -1.227 0.922 -0.07
305 51 5 0.125383 1.234 0.922 -0.07
306 51 6 0.125383 1.234 -0.922 0.07
307 52 1 -0.250766 -0.667 0.0 0.0
308 52 2 -0.250766 0.675 0.0 0.0
309 52 3 0.125383 -1.227 -0.922 0.07
310 52 4 0.125383 -1.227 0.922 -0.07
311 52 5 0.125383 1.234 0.922 -0.07
312 52 6 0.125383 1.234 -0.922 0.07
313 53 7 -0.147307 -1.238 -0.702 0.0
314 53 8 -0.147259 -1.227 0.707 0.0
315 53 9 -0.147296 -0.023 -1.416 0.0
316 53 10 -0.147296 -0.002 1.402 0.0
317 53 11 -0.147259 1.202 -0.721 0.0
318 53 12 -0.147307 1.213 0.688 0.0
319 53 13 0.147239 -2.178 -1.235 0.0
320 53 14 0.147221 -2.159 1.254 0.0
321 53 15 0.147400 -0.032 -2.496 0.0
322 53 16 0.147400 0.007 2.482 0.0
323 53 17 0.147221 2.134 -1.268 0.0
324 53 18 0.147243 2.153 1.221 0.0
325 54 7 -0.147307 -1.238 -0.702 0.0
326 54 8 -0.147259 -1.227 0.707 0.0
327 54 9 -0.147296 -0.023 -1.416 0.0
328 54 10 -0.147296 -0.002 1.402 0.0
329 54 11 -0.147259 1.202 -0.721 0.0
330 54 12 -0.147307 1.213 0.688 0.0
331 54 13 0.147239 -2.178 -1.235 0.0
332 54 14 0.147221 -2.159 1.254 0.0
333 54 15 0.147400 -0.032 -2.496 0.0
334 54 16 0.147400 0.007 2.482 0.0
335 54 17 0.147221 2.134 -1.268 0.0
336 54 18 0.147243 2.153 1.221 0.0
337 55 7 -0.147307 -1.238 -0.702 0.0
338 55 8 -0.147259 -1.227 0.707 0.0
339 55 9 -0.147296 -0.023 -1.416 0.0
340 55 10 -0.147296 -0.002 1.402 0.0
341 55 11 -0.147259 1.202 -0.721 0.0
342 55 12 -0.147307 1.213 0.688 0.0
343 55 13 0.147239 -2.178 -1.235 0.0
344 55 14 0.147221 -2.159 1.254 0.0
345 55 15 0.147400 -0.032 -2.496 0.0
346 55 16 0.147400 0.007 2.482 0.0
347 55 17 0.147221 2.134 -1.268 0.0
348 55 18 0.147243 2.153 1.221 0.0
349 56 7 -0.147307 -1.238 -0.702 0.0
350 56 8 -0.147259 -1.227 0.707 0.0
351 56 9 -0.147296 -0.023 -1.416 0.0
352 56 10 -0.147296 -0.002 1.402 0.0
353 56 11 -0.147259 1.202 -0.721 0.0
354 56 12 -0.147307 1.213 0.688 0.0
355 56 13 0.147239 -2.178 -1.235 0.0
356 56 14 0.147221 -2.159 1.254 0.0
357 56 15 0.147400 -0.032 -2.496 0.0
358 56 16 0.147400 0.007 2.482 0.0
359 56 17 0.147221 2.134 -1.268 0.0
360 56 18 0.147243 2.153 1.221 0.0
361 57 7 -0.147307 -1.238 -0.702 0.0
362 57 8 -0.147259 -1.227 0.707 0.0
363 57 9 -0.147296 -0.023 -1.416 0.0
364 57 10 -0.147296 -0.002 1.402 0.0
365 57 11 -0.147259 1.202 -0.721 0.0
366 57 12 -0.147307 1.213 0.688 0.0
367 57 13 0.147239 -2.178 -1.235 0.0
368 57 14 0.147221 -2.159 1.254 0.0
369 57 15 0.147400 -0.032 -2.496 0.0
370 57 16 0.147400 0.007 2.482 0.0
371 57 17 0.147221 2.134 -1.268 0.0
372 57 18 0.147243 2.153 1.221 0.0
373 58 7 -0.147307 -1.238 -0.702 0.0
374 58 8 -0.147259 -1.227 0.707 0.0
375 58 9 -0.147296 -0.023 -1.416 0.0
376 58 10 -0.147296 -0.002 1.402 0.0
377 58 11 -0.147259 1.202 -0.721 0.0
378 58 12 -0.147307 1.213 0.688 0.0
379 58 13 0.147239 -2.178 -1.235 0.0
380 58 14 0.147221 -2.159 1.254 0.0
381 58 15 0.147400 -0.032 -2.496 0.0
382 58 16 0.147400 0.007 2.482 0.0
383 58 17 0.147221 2.134 -1.268 0.0
384 58 18 0.147243 2.153 1.221 0.0
385 59 7 -0.147307 -1.238 -0.702 0.0
386 59 8 -0.147259 -1.227 0.707 0.0
387 59 9 -0.147296 -0.023 -1.416 0.0
388 59 10 -0.147296 -0.002 1.402 0.0
389 59 11 -0.147259 1.202 -0.721 0.0
390 59 12 -0.147307 1.213 0.688 0.0
391 59 13 0.147239 -2.178 -1.235 0.0
392 59 14 0.147221 -2.159 1.254 0.0
393 59 15 0.147400 -0.032 -2.496 0.0
394 59 16 0.147400 0.007 2.482 0.0
395 59 17 0.147221 2.134 -1.268 0.0
396 59 18 0.147243 2.153 1.221 0.0
397 60 7 -0.147307 -1.238 -0.702 0.0
398 60 8 -0.147259 -1.227 0.707 0.0
399 60 9 -0.147296 -0.023 -1.416 0.0
400 60 10 -0.147296 -0.002 1.402 0.0
401 60 11 -0.147259 1.202 -0.721 0.0
402 60 12 -0.147307 1.213 0.688 0.0
403 60 13 0.147239 -2.178 -1.235 0.0
404 60 14 0.147221 -2.159 1.254 0.0
405 60 15 0.147400 -0.032 -2.496 0.0
406 60 16 0.147400 0.007 2.482 0.0
407 60 17 0.147221 2.134 -1.268 0.0
408 60 18 0.147243 2.153 1.221 0.0
409 61 7 -0.147307 -1.238 -0.702 0.0
410 61 8 -0.147259 -1.227 0.707 0.0
411 61 9 -0.147296 -0.023 -1.416 0.0
412 61 10 -0.147296 -0.002 1.402 0.0
413 61 11 -0.147259 1.202 -0.721 0.0
414 61 12 -0.147307 1.213 0.688 0.0
415 61 13 0.147239 -2.178 -1.235 0.0
416 61 14 0.147221 -2.159 1.254 0.0
417 61 15 0.147400 -0.032 -2.496 0.0
418 61 16 0.147400 0.007 2.482 0.0
419 61 17 0.147221 2.134 -1.268 0.0
420 61 18 0.147243 2.153 1.221 0.0
421 62 7 -0.147307 -1.238 -0.702 0.0
422 62 8 -0.147259 -1.227 0.707 0.0
423 62 9 -0.147296 -0.023 -1.416 0.0
424 62 10 -0.147296 -0.002 1.402 0.0
425 62 11 -0.147259 1.202 -0.721 0.0
426 62 12 -0.147307 1.213 0.688 0.0
427 62 13 0.147239 -2.178 -1.235 0.0
428 62 14 0.147221 -2.159 1.254 0.0
429 62 15 0.147400 -0.032 -2.496 0.0
430 62 16 0.147400 0.007 2.482 0.0
431 62 17 0.147221 2.134 -1.268 0.0
432 62 18 0.147243 2.153 1.221 0.0
433 63 7 -0.147307 -1.238 -0.702 0.0
434 63 8 -0.147259 -1.227 0.707 0.0
435 63 9 -0.147296 -0.023 -1.416 0.0
436 63 10 -0.147296 -0.002 1.402 0.0
437 63 11 -0.147259 1.202 -0.721 0.0
438 63 12 -0.147307 1.213 0.688 0.0
439 63 13 0.147239 -2.178 -1.235 0.0
440 63 14 0.147221 -2.159 1.254 0.0
441 63 15 0.147400 -0.032 -2.496 0.0
442 63 16 0.147400 0.007 2.482 0.0
443 63 17 0.147221 2.134 -1.268 0.0
444 63 18 0.147243 2.153 1.221 0.0
445 64 7 -0.147307 -1.238 -0.702 0.0
446 64 8 -0.147259 -1.227 0.707 0.0
447 64 9 -0.147296 -0.023 -1.416 0.0
448 64 10 -0.147296 -0.002 1.402 0.0
449 64 11 -0.147259 1.202 -0.721 0.0
450 64 12 -0.147307 1.213 0.688 0.0
451 64 13 0.147239 -2.178 -1.235 0.0
452 64 14 0.147221 -2.159 1.254 0.0
453 64 15 0.147400 -0.032 -2.496 0.0
454 64 16 0.147400 0.007 2.482 0.0
455 64 17 0.147221 2.134 -1.268 0.0
456 64 18 0.147243 2.153 1.221 0.0
457 65 7 -0.147307 -1.238 -0.702 0.0
458 65 8 -0.147259 -1.227 0.707 0.0
459 65 9 -0.147296 -0.023 -1.416 0.0
460 65 10 -0.147296 -0.002 1.402 0.0
461 65 11 -0.147259 1.202 -0.721 0.0
462 65 12 -0.147307 1.213 0.688 0.0
463 65 13 0.147239 -2.178 -1.235 0.0
464 65 14 0.147221 -2.159 1.254 0.0
465 65 15 0.147400 -0.032 -2.496 0.0
466 65 16 0.147400 0.007 2.482 0.0
467 65 17 0.147221 2.134 -1.268 0.0
468 65 18 0.147243 2.153 1.221 0.0
469 66 7 -0.147307 -1.238 -0.702 0.0
470 66 8 -0.147259 -1.227 0.707 0.0
471 66 9 -0.147296 -0.023 -1.416 0.0
472 66 10 -0.147296 -0.002 1.402 0.0
473 66 11 -0.147259 1.202 -0.721 0.0
474 66 12 -0.147307 1.213 0.688 0.0
475 66 13 0.147239 -2.178 -1.235 0.0
476 66 14 0.147221 -2.159 1.254 0.0
477 66 15 0.147400 -0.032 -2.496 0.0
478 66 16 0.147400 0.007 2.482 0.0
479 66 17 0.147221 2.134 -1.268 0.0
480 66 18 0.147243 2.153 1.221 0.0
481 67 7 -0.147307 -1.238 -0.702 0.0
482 67 8 -0.147259 -1.227 0.707 0.0
483 67 9 -0.147296 -0.023 -1.416 0.0
484 67 10 -0.147296 -0.002 1.402 0.0
485 67 11 -0.147259 1.202 -0.721 0.0
486 67 12 -0.147307 1.213 0.688 0.0
487 67 13 0.147239 -2.178 -1.235 0.0
488 67 14 0.147221 -2.159 1.254 0.0
489 67 15 0.147400 -0.032 -2.496 0.0
490 67 16 0.147400 0.007 2.482 0.0
491 67 17 0.147221 2.134 -1.268 0.0
492 67 18 0.147243 2.153 1.221 0.0
493 68 7 -0.147307 -1.238 -0.702 0.0
494 68 8 -0.147259 -1.227 0.707 0.0
495 68 9 -0.147296 -0.023 -1.416 0.0
496 68 10 -0.147296 -0.002 1.402 0.0
497 68 11 -0.147259 1.202 -0.721 0.0
498 68 12 -0.147307 1.213 0.688 0.0
499 68 13 0.147239 -2.178 -1.235 0.0
500 68 14 0.147221 -2.159 1.254 0.0
501 68 15 0.147400 -0.032 -2.496 0.0
502 68 16 0.147400 0.007 2.482 0.0
503 68 17 0.147221 2.134 -1.268 0.0
504 68 18 0.147243 2.153 1.221 0.0
505 69 7 -0.147307 -1.238 -0.702 0.0
506 69 8 -0.147259 -1.227 0.707 0.0
507 69 9 -0.147296 -0.023 -1.416 0.0
508 69 10 -0.147296 -0.002 1.402 0.0
509 69 11 -0.147259 1.202 -0.721 0.0
510 69 12 -0.147307 1.213 0.688 0.0
511 69 13 0.147239 -2.178 -1.235 0.0
512 69 14 0.147221 -2.159 1.254 0.0
513 69 15 0.147400 -0.032 -2.496 0.0
514 69 16 0.147400 0.007 2.482 0.0
515 69 17 0.147221 2.134 -1.268 0.0
516 69 18 0.147243 2.153 1.221 0.0
517 70 7 -0.147307 -1.238 -0.702 0.0
518 70 8 -0.147259 -1.227 0.707 0.0
519 70 9 -0.147296 -0.023 -1.416 0.0
520 70 10 -0.147296 -0.002 1.402 0.0
521 70 11 -0.147259 1.202 -0.721 0.0
522 70 12 -0.147307 1.213 0.688 0.0
523 70 13 0.147239 -2.178 -1.235 0.0
524 70 14 0.147221 -2.159 1.254 0.0
525 70 15 0.147400 -0.032 -2.496 0.0
526 70 16 0.147400 0.007 2.482 0.0
527 70 17 0.147221 2.134 -1.268 0.0
528 70 18 0.147243 2.153 1.221 0.0
529 71 7 -0.147307 -1.238 -0.702 0.0
530 71 8 -0.147259 -1.227 0.707 0.0
531 71 9 -0.147296 -0.023 -1.416 0.0
532 71 10 -0.147296 -0.002 1.402 0.0
533 71 11 -0.147259 1.202 -0.721 0.0
534 71 12 -0.147307 1.213 0.688 0.0
535 71 13 0.147239 -2.178 -1.235 0.0
536 71 14 0.147221 -2.159 1.254 0.0
537 71 15 0.147400 -0.032 -2.496 0.0
538 71 16 0.147400 0.007 2.482 0.0
539 71 17 0.147221 2.134 -1.268 0.0
540 71 18 0.147243 2.153 1.221 0.0
541 72 7 -0.147307 -1.238 -0.702 0.0
542 72 8 -0.147259 -1.227 0.707 0.0
543 72 9 -0.147296 -0.023 -1.416 0.0
544 72 10 -0.147296 -0.002 1.402 0.0
545 72 11 -0.147259 1.202 -0.721 0.0
546 72 12 -0.147307 1.213 0.688 0.0
547 72 13 0.147239 -2.178 -1.235 0.0
548 72 14 0.147221 -2.159 1.254 0.0
549 72 15 0.147400 -0.032 -2.496 0.0
550 72 16 0.147400 0.007 2.482 0.0
551 72 17 0.147221 2.134 -1.268 0.0
552 72 18 0.147243 2.153 1.221 0.0
553 73 7 -0.147307 -1.238 -0.702 0.0
554 73 8 -0.147259 -1.227 0.707 0.0
555 73 9 -0.147296 -0.023 -1.416 0.0
556 73 10 -0.147296 -0.002 1.402 0.0
557 73 11 -0.147259 1.202 -0.721 0.0
558 73 12 -0.147307 1.213 0.688 0.0
559 73 13 0.147239 -2.178 -1.235 0.0
560 73 14 0.147221 -2.159 1.254 0.0
561 73 15 0.147400 -0.032 -2.496 0.0
562 73 16 0.147400 0.007 2.482 0.0
563 73 17 0.147221 2.134 -1.268 0.0
564 73 18 0.147243 2.153 1.221 0.0
565 74 7 -0.147307 -1.238 -0.702 0.0
566 74 8 -0.147259 -1.227 0.707 0.0
567 74 9 -0.147296 -0.023 -1.416 0.0
568 74 10 -0.147296 -0.002 1.402 0.0
569 74 11 -0.147259 1.202 -0.721 0.0
570 74 12 -0.147307 1.213 0.688 0.0
571 74 13 0.147239 -2.178 -1.235 0.0
572 74 14 0.147221 -2.159 1.254 0.0
573 74 15 0.147400 -0.032 -2.496 0.0
574 74 16 0.147400 0.007 2.482 0.0
575 74 17 0.147221 2.134 -1.268 0.0
576 74 18 0.147243 2.153 1.221 0.0
577 75 7 -0.147307 -1.238 -0.702 0.0
578 75 8 -0.147259 -1.227 0.707 0.0
579 75 9 -0.147296 -0.023 -1.416 0.0
580 75 10 -0.147296 -0.002 1.402 0.0
581 75 11 -0.147259 1.202 -0.721 0.0
582 75 12 -0.147307 1.213 0.688 0.0
583 75 13 0.147239 -2.178 -1.235 0.0
584 75 14 0.147221 -2.159 1.254 0.0
585 75 15 0.147400 -0.032 -2.496 0.0
586 75 16 0.147400 0.007 2.482 0.0
587 75 17 0.147221 2.134 -1.268 0.0
588 75 18 0.147243 2.153 1.221 0.0
589 76 7 -0.147307 -1.238 -0.702 0.0
590 76 8 -0.147259 -1.227 0.707 0.0
591 76 9 -0.147296 -0.023 -1.416 0.0
592 76 10 -0.147296 -0.002 1.402 0.0
593 76 11 -0.147259 1.202 -0.721 0.0
594 76 12 -0.147307 1.213 0.688 0.0
595 76 13 0.147239 -2.178 -1.235 0.0
596 76 14 0.147221 -2.159 1.254 0.0
597 76 15 0.147400 -0.032 -2.496 0.0
598 76 16 0.147400 0.007 2.482 0.0
599 76 17 0.147221 2.134 -1.268 0.0
600 76 18 0.147243 2.153 1.221 0.0
601 77 7 -0.147307 -1.238 -0.702 0.0
602 77 8 -0.147259 -1.227 0.707 0.0
603 77 9 -0.147296 -0.023 -1.416 0.0
604 77 10 -0.147296 -0.002 1.402 0.0
605 77 11 -0.147259 1.202 -0.721 0.0
606 77 12 -0.147307 1.213 0.688 0.0
607 77 13 0.147239 -2.178 -1.235 0.0
608 77 14 0.147221 -2.159 1.254 0.0
609 77 15 0.147400 -0.032 -2.496 0.0
610 77 16 0.147400 0.007 2.482 0.0
611 77 17 0.147221 2.134 -1.268 0.0
612 77 18 0.147243 2.153 1.221 0.0
613 78 7 -0.147307 -1.238 -0.702 0.0
614 78 8 -0.147259 -1.227 0.707 0.0
615 78 9 -0.147296 -0.023 -1.416 0.0
616 78 10 -0.147296 -0.002 1.402 0.0
617 78 11 -0.147259 1.202 -0.721 0.0
618 78 12 -0.147307 1.213 0.688 0.0
619 78 13 0.147239 -2.178 -1.235 0.0
620 78 14 0.147221 -2.159 1.254 0.0
621 78 15 0.147400 -0.032 -2.496 0.0
622 78 16 0.147400 0.007 2.482 0.0
623 78 17 0.147221 2.134 -1.268 0.0
624 78 18 0.147243 2.153 1.221 0.0
