1 1 2 1 3
2 2 2 1 4
3 3 1 2 5
4 4 1 2 6
5 5 3 1 4
6 6 5 2 6
7 1 8 7 9
8 2 8 7 10
9 3 7 8 11
10 4 7 8 12
11 5 9 7 10
12 6 11 8 12
13 1 14 13 15
14 2 14 13 16
15 3 13 14 17
16 4 13 14 18
17 5 15 13 16
18 6 17 14 18
19 1 20 19 21
20 2 20 19 22
21 3 19 20 23
22 4 19 20 24
23 5 21 19 22
24 6 23 20 24
25 1 26 25 27
26 2 26 25 28
27 3 25 26 29
28 4 25 26 30
29 5 27 25 28
30 6 29 26 30
31 1 32 31 33
32 2 32 31 34
33 3 31 32 35
34 4 31 32 36
35 5 33 31 34
36 6 35 32 36
37 1 38 37 39
38 2 38 37 40
39 3 37 38 41
40 4 37 38 42
41 5 39 37 40
42 6 41 38 42
43 1 44 43 45
44 2 44 43 46
45 3 43 44 47
46 4 43 44 48
47 5 45 43 46
48 6 47 44 48
49 1 50 49 51
50 2 50 49 52
51 3 49 50 53
52 4 49 50 54
53 5 51 49 52
54 6 53 50 54
55 1 56 55 57
56 2 56 55 58
57 3 55 56 59
58 4 55 56 60
59 5 57 55 58
60 6 59 56 60
61 1 62 61 63
62 2 62 61 64
63 3 61 62 65
64 4 61 62 66
65 5 63 61 64
66 6 65 62 66
67 1 68 67 69
68 2 68 67 70
69 3 67 68 71
70 4 67 68 72
71 5 69 67 70
72 6 71 68 72
73 1 74 73 75
74 2 74 73 76
75 3 73 74 77
76 4 73 74 78
77 5 75 73 76
78 6 77 74 78
79 1 80 79 81
80 2 80 79 82
81 3 79 80 83
82 4 79 80 84
83 5 81 79 82
84 6 83 80 84
85 1 86 85 87
86 2 86 85 88
87 3 85 86 89
88 4 85 86 90
89 5 87 85 88
90 6 89 86 90
91 1 92 91 93
92 2 92 91 94
93 3 91 92 95
94 4 91 92 96
95 5 93 91 94
96 6 95 92 96
97 1 98 97 99
98 2 98 97 100
99 3 97 98 101
100 4 97 98 102
101 5 99 97 100
102 6 101 98 102
103 1 104 103 105
104 2 104 103 106
105 3 103 104 107
106 4 103 104 108
107 5 105 103 106
108 6 107 104 108
109 1 110 109 111
110 2 110 109 112
111 3 109 110 113
112 4 109 110 114
113 5 111 109 112
114 6 113 110 114
115 1 116 115 117
116 2 116 115 118
117 3 115 116 119
118 4 115 116 120
119 5 117 115 118
120 6 119 116 120
121 1 122 121 123
122 2 122 121 124
123 3 121 122 125
124 4 121 122 126
125 5 123 121 124
126 6 125 122 126
127 1 128 127 129
128 2 128 127 130
129 3 127 128 131
130 4 127 128 132
131 5 129 127 130
132 6 131 128 132
133 1 134 133 135
134 2 134 133 136
135 3 133 134 137
136 4 133 134 138
137 5 135 133 136
138 6 137 134 138
139 1 140 139 141
140 2 140 139 142
141 3 139 140 143
142 4 139 140 144
143 5 141 139 142
144 6 143 140 144
145 1 146 145 147
146 2 146 145 148
147 3 145 146 149
148 4 145 146 150
149 5 147 145 148
150 6 149 146 150
151 1 152 151 153
152 2 152 151 154
153 3 151 152 155
154 4 151 152 156
155 5 153 151 154
156 6 155 152 156
157 1 158 157 159
158 2 158 157 160
159 3 157 158 161
160 4 157 158 162
161 5 159 157 160
162 6 161 158 162
163 1 164 163 165
164 2 164 163 166
165 3 163 164 167
166 4 163 164 168
167 5 165 163 166
168 6 167 164 168
169 1 170 169 171
170 2 170 169 172
171 3 169 170 173
172 4 169 170 174
173 5 171 169 172
174 6 173 170 174
175 1 176 175 177
176 2 176 175 178
177 3 175 176 179
178 4 175 176 180
179 5 177 175 178
180 6 179 176 180
181 1 182 181 183
182 2 182 181 184
183 3 181 182 185
184 4 181 182 186
185 5 183 181 184
186 6 185 182 186
187 1 188 187 189
188 2 188 187 190
189 3 187 188 191
190 4 187 188 192
191 5 189 187 190
192 6 191 188 192
193 1 194 193 195
194 2 194 193 196
195 3 193 194 197
196 4 193 194 198
197 5 195 193 196
198 6 197 194 198
199 1 200 199 201
200 2 200 199 202
201 3 199 200 203
202 4 199 200 204
203 5 201 199 202
204 6 203 200 204
205 1 206 205 207
206 2 206 205 208
207 3 205 206 209
208 4 205 206 210
209 5 207 205 208
210 6 209 206 210
211 1 212 211 213
212 2 212 211 214
213 3 211 212 215
214 4 211 212 216
215 5 213 211 214
216 6 215 212 216
217 1 218 217 219
218 2 218 217 220
219 3 217 218 221
220 4 217 218 222
221 5 219 217 220
222 6 221 218 222
223 1 224 223 225
224 2 224 223 226
225 3 223 224 227
226 4 223 224 228
227 5 225 223 226
228 6 227 224 228
229 1 230 229 231
230 2 230 229 232
231 3 229 230 233
232 4 229 230 234
233 5 231 229 232
234 6 233 230 234
235 1 236 235 237
236 2 236 235 238
237 3 235 236 239
238 4 235 236 240
239 5 237 235 238
240 6 239 236 240
241 1 242 241 243
242 2 242 241 244
243 3 241 242 245
244 4 241 242 246
245 5 243 241 244
246 6 245 242 246
247 1 248 247 249
248 2 248 247 250
249 3 247 248 251
250 4 247 248 252
251 5 249 247 250
252 6 251 248 252
253 1 254 253 255
254 2 254 253 256
255 3 253 254 257
256 4 253 254 258
257 5 255 253 256
258 6 257 254 258
259 1 260 259 261
260 2 260 259 262
261 3 259 260 263
262 4 259 260 264
263 5 261 259 262
264 6 263 260 264
265 1 266 265 267
266 2 266 265 268
267 3 265 266 269
268 4 265 266 270
269 5 267 265 268
270 6 269 266 270
271 1 272 271 273
272 2 272 271 274
273 3 271 272 275
274 4 271 272 276
275 5 273 271 274
276 6 275 272 276
277 1 278 277 279
278 2 278 277 280
279 3 277 278 281
280 4 277 278 282
281 5 279 277 280
282 6 281 278 282
283 1 284 283 285
284 2 284 283 286
285 3 283 284 287
286 4 283 284 288
287 5 285 283 286
288 6 287 284 288
289 1 290 289 291
290 2 290 289 292
291 3 289 290 293
292 4 289 290 294
293 5 291 289 292
294 6 293 290 294
295 1 296 295 297
296 2 296 295 298
297 3 295 296 299
298 4 295 296 300
299 5 297 295 298
300 6 299 296 300
301 1 302 301 303
302 2 302 301 304
303 3 301 302 305
304 4 301 302 306
305 5 303 301 304
306 6 305 302 306
307 1 308 307 309
308 2 308 307 310
309 3 307 308 311
310 4 307 308 312
311 5 309 307 310
312 6 311 308 312
313 7 316 318 317
314 8 314 316 318
315 9 315 317 318
316 10 313 315 317
317 11 315 313 319
318 12 316 314 320
319 13 317 315 321
320 14 318 316 322
321 15 318 317 323
322 16 316 318 324
323 17 317 318 324
324 18 314 316 322
325 19 315 317 323
326 20 313 315 321
327 21 313 314 316
328 22 313 314 320
329 23 314 313 319
330 24 314 313 315
331 7 328 330 329
332 8 326 328 330
333 9 327 329 330
334 10 325 327 329
335 11 327 325 331
336 12 328 326 332
337 13 329 327 333
338 14 330 328 334
339 15 330 329 335
340 16 328 330 336
341 17 329 330 336
342 18 326 328 334
343 19 327 329 335
344 20 325 327 333
345 21 325 326 328
346 22 325 326 332
347 23 326 325 331
348 24 326 325 327
349 7 340 342 341
350 8 338 340 342
351 9 339 341 342
352 10 337 339 341
353 11 339 337 343
354 12 340 338 344
355 13 341 339 345
356 14 342 340 346
357 15 342 341 347
358 16 340 342 348
359 17 341 342 348
360 18 338 340 346
361 19 339 341 347
362 20 337 339 345
363 21 337 338 340
364 22 337 338 344
365 23 338 337 343
366 24 338 337 339
367 7 352 354 353
368 8 350 352 354
369 9 351 353 354
370 10 349 351 353
371 11 351 349 355
372 12 352 350 356
373 13 353 351 357
374 14 354 352 358
375 15 354 353 359
376 16 352 354 360
377 17 353 354 360
378 18 350 352 358
379 19 351 353 359
380 20 349 351 357
381 21 349 350 352
382 22 349 350 356
383 23 350 349 355
384 24 350 349 351
385 7 364 366 365
386 8 362 364 366
387 9 363 365 366
388 10 361 363 365
389 11 363 361 367
390 12 364 362 368
391 13 365 363 369
392 14 366 364 370
393 15 366 365 371
394 16 364 366 372
395 17 365 366 372
396 18 362 364 370
397 19 363 365 371
398 20 361 363 369
399 21 361 362 364
400 22 361 362 368
401 23 362 361 367
402 24 362 361 363
403 7 376 378 377
404 8 374 376 378
405 9 375 377 378
406 10 373 375 377
407 11 375 373 379
408 12 376 374 380
409 13 377 375 381
410 14 378 376 382
411 15 378 377 383
412 16 376 378 384
413 17 377 378 384
414 18 374 376 382
415 19 375 377 383
416 20 373 375 381
417 21 373 374 376
418 22 373 374 380
419 23 374 373 379
420 24 374 373 375
421 7 388 390 389
422 8 386 388 390
423 9 387 389 390
424 10 385 387 389
425 11 387 385 391
426 12 388 386 392
427 13 389 387 393
428 14 390 388 394
429 15 390 389 395
430 16 388 390 396
431 17 389 390 396
432 18 386 388 394
433 19 387 389 395
434 20 385 387 393
435 21 385 386 388
436 22 385 386 392
437 23 386 385 391
438 24 386 385 387
439 7 400 402 401
440 8 398 400 402
441 9 399 401 402
442 10 397 399 401
443 11 399 397 403
444 12 400 398 404
445 13 401 399 405
446 14 402 400 406
447 15 402 401 407
448 16 400 402 408
449 17 401 402 408
450 18 398 400 406
451 19 399 401 407
452 20 397 399 405
453 21 397 398 400
454 22 397 398 404
455 23 398 397 403
456 24 398 397 399
457 7 412 414 413
458 8 410 412 414
459 9 411 413 414
460 10 409 411 413
461 11 411 409 415
462 12 412 410 416
463 13 413 411 417
464 14 414 412 418
465 15 414 413 419
466 16 412 414 420
467 17 413 414 420
468 18 410 412 418
469 19 411 413 419
470 20 409 411 417
471 21 409 410 412
472 22 409 410 416
473 23 410 409 415
474 24 410 409 411
475 7 424 426 425
476 8 422 424 426
477 9 423 425 426
478 10 421 423 425
479 11 423 421 427
480 12 424 422 428
481 13 425 423 429
482 14 426 424 430
483 15 426 425 431
484 16 424 426 432
485 17 425 426 432
486 18 422 424 430
487 19 423 425 431
488 20 421 423 429
489 21 421 422 424
490 22 421 422 428
491 23 422 421 427
492 24 422 421 423
493 7 436 438 437
494 8 434 436 438
495 9 435 437 438
496 10 433 435 437
497 11 435 433 439
498 12 436 434 440
499 13 437 435 441
500 14 438 436 442
501 15 438 437 443
502 16 436 438 444
503 17 437 438 444
504 18 434 436 442
505 19 435 437 443
506 20 433 435 441
507 21 433 434 436
508 22 433 434 440
509 23 434 433 439
510 24 434 433 435
511 7 448 450 449
512 8 446 448 450
513 9 447 449 450
514 10 445 447 449
515 11 447 445 451
516 12 448 446 452
517 13 449 447 453
518 14 450 448 454
519 15 450 449 455
520 16 448 450 456
521 17 449 450 456
522 18 446 448 454
523 19 447 449 455
524 20 445 447 453
525 21 445 446 448
526 22 445 446 452
527 23 446 445 451
528 24 446 445 447
529 7 460 462 461
530 8 458 460 462
531 9 459 461 462
532 10 457 459 461
533 11 459 457 463
534 12 460 458 464
535 13 461 459 465
536 14 462 460 466
537 15 462 461 467
538 16 460 462 468
539 17 461 462 468
540 18 458 460 466
541 19 459 461 467
542 20 457 459 465
543 21 457 458 460
544 22 457 458 464
545 23 458 457 463
546 24 458 457 459
547 7 472 474 473
548 8 470 472 474
549 9 471 473 474
550 10 469 471 473
551 11 471 469 475
552 12 472 470 476
553 13 473 471 477
554 14 474 472 478
555 15 474 473 479
556 16 472 474 480
557 17 473 474 480
558 18 470 472 478
559 19 471 473 479
560 20 469 471 477
561 21 469 470 472
562 22 469 470 476
563 23 470 469 475
564 24 470 469 471
565 7 484 486 485
566 8 482 484 486
567 9 483 485 486
568 10 481 483 485
569 11 483 481 487
570 12 484 482 488
571 13 485 483 489
572 14 486 484 490
573 15 486 485 491
574 16 484 486 492
575 17 485 486 492
576 18 482 484 490
577 19 483 485 491
578 20 481 483 489
579 21 481 482 484
580 22 481 482 488
581 23 482 481 487
582 24 482 481 483
583 7 496 498 497
584 8 494 496 498
585 9 495 497 498
586 10 493 495 497
587 11 495 493 499
588 12 496 494 500
589 13 497 495 501
590 14 498 496 502
591 15 498 497 503
592 16 496 498 504
593 17 497 498 504
594 18 494 496 502
595 19 495 497 503
596 20 493 495 501
597 21 493 494 496
598 22 493 494 500
599 23 494 493 499
600 24 494 493 495
601 7 508 510 509
602 8 506 508 510
603 9 507 509 510
604 10 505 507 509
605 11 507 505 511
606 12 508 506 512
607 13 509 507 513
608 14 510 508 514
609 15 510 509 515
610 16 508 510 516
611 17 509 510 516
612 18 506 508 514
613 19 507 509 515
614 20 505 507 513
615 21 505 506 508
616 22 505 506 512
617 23 506 505 511
618 24 506 505 507
619 7 520 522 521
620 8 518 520 522
621 9 519 521 522
622 10 517 519 521
623 11 519 517 523
624 12 520 518 524
625 13 521 519 525
626 14 522 520 526
627 15 522 521 527
628 16 520 522 528
629 17 521 522 528
630 18 518 520 526
631 19 519 521 527
632 20 517 519 525
633 21 517 518 520
634 22 517 518 524
635 23 518 517 523
636 24 518 517 519
637 7 532 534 533
638 8 530 532 534
639 9 531 533 534
640 10 529 531 533
641 11 531 529 535
642 12 532 530 536
643 13 533 531 537
644 14 534 532 538
645 15 534 533 539
646 16 532 534 540
647 17 533 534 540
648 18 530 532 538
649 19 531 533 539
650 20 529 531 537
651 21 529 530 532
652 22 529 530 536
653 23 530 529 535
654 24 530 529 531
655 7 544 546 545
656 8 542 544 546
657 9 543 545 546
658 10 541 543 545
659 11 543 541 547
660 12 544 542 548
661 13 545 543 549
662 14 546 544 550
663 15 546 545 551
664 16 544 546 552
665 17 545 546 552
666 18 542 544 550
667 19 543 545 551
668 20 541 543 549
669 21 541 542 544
670 22 541 542 548
671 23 542 541 547
672 24 542 541 543
673 7 556 558 557
674 8 554 556 558
675 9 555 557 558
676 10 553 555 557
677 11 555 553 559
678 12 556 554 560
679 13 557 555 561
680 14 558 556 562
681 15 558 557 563
682 16 556 558 564
683 17 557 558 564
684 18 554 556 562
685 19 555 557 563
686 20 553 555 561
687 21 553 554 556
688 22 553 554 560
689 23 554 553 559
690 24 554 553 555
691 7 568 570 569
692 8 566 568 570
693 9 567 569 570
694 10 565 567 569
695 11 567 565 571
696 12 568 566 572
697 13 569 567 573
698 14 570 568 574
699 15 570 569 575
700 16 568 570 576
701 17 569 570 576
702 18 566 568 574
703 19 567 569 575
704 20 565 567 573
705 21 565 566 568
706 22 565 566 572
707 23 566 565 571
708 24 566 565 567
709 7 580 582 581
710 8 578 580 582
711 9 579 581 582
712 10 577 579 581
713 11 579 577 583
714 12 580 578 584
715 13 581 579 585
716 14 582 580 586
717 15 582 581 587
718 16 580 582 588
719 17 581 582 588
720 18 578 580 586
721 19 579 581 587
722 20 577 579 585
723 21 577 578 580
724 22 577 578 584
725 23 578 577 583
726 24 578 577 579
727 7 592 594 593
728 8 590 592 594
729 9 591 593 594
730 10 589 591 593
731 11 591 589 595
732 12 592 590 596
733 13 593 591 597
734 14 594 592 598
735 15 594 593 599
736 16 592 594 600
737 17 593 594 600
738 18 590 592 598
739 19 591 593 599
740 20 589 591 597
741 21 589 590 592
742 22 589 590 596
743 23 590 589 595
744 24 590 589 591
745 7 604 606 605
746 8 602 604 606
747 9 603 605 606
748 10 601 603 605
749 11 603 601 607
750 12 604 602 608
751 13 605 603 609
752 14 606 604 610
753 15 606 605 611
754 16 604 606 612
755 17 605 606 612
756 18 602 604 610
757 19 603 605 611
758 20 601 603 609
759 21 601 602 604
760 22 601 602 608
761 23 602 601 607
762 24 602 601 603
763 7 616 618 617
764 8 614 616 618
765 9 615 617 618
766 10 613 615 617
767 11 615 613 619
768 12 616 614 620
769 13 617 615 621
770 14 618 616 622
771 15 618 617 623
772 16 616 618 624
773 17 617 618 624
774 18 614 616 622
775 19 615 617 623
776 20 613 615 621
777 21 613 614 616
778 22 613 614 620
779 23 614 613 619
780 24 614 613 615
