1 1 1 2
2 2 1 3
3 3 1 4
4 4 2 5
5 5 2 6
6 1 7 8
7 2 7 9
8 3 7 10
9 4 8 11
10 5 8 12
11 1 13 14
12 2 13 15
13 3 13 16
14 4 14 17
15 5 14 18
16 1 19 20
17 2 19 21
18 3 19 22
19 4 20 23
20 5 20 24
21 1 25 26
22 2 25 27
23 3 25 28
24 4 26 29
25 5 26 30
26 1 31 32
27 2 31 33
28 3 31 34
29 4 32 35
30 5 32 36
31 1 37 38
32 2 37 39
33 3 37 40
34 4 38 41
35 5 38 42
36 1 43 44
37 2 43 45
38 3 43 46
39 4 44 47
40 5 44 48
41 1 49 50
42 2 49 51
43 3 49 52
44 4 50 53
45 5 50 54
46 1 55 56
47 2 55 57
48 3 55 58
49 4 56 59
50 5 56 60
51 1 61 62
52 2 61 63
53 3 61 64
54 4 62 65
55 5 62 66
56 1 67 68
57 2 67 69
58 3 67 70
59 4 68 71
60 5 68 72
61 1 73 74
62 2 73 75
63 3 73 76
64 4 74 77
65 5 74 78
66 1 79 80
67 2 79 81
68 3 79 82
69 4 80 83
70 5 80 84
71 1 85 86
72 2 85 87
73 3 85 88
74 4 86 89
75 5 86 90
76 1 91 92
77 2 91 93
78 3 91 94
79 4 92 95
80 5 92 96
81 1 97 98
82 2 97 99
83 3 97 100
84 4 98 101
85 5 98 102
86 1 103 104
87 2 103 105
88 3 103 106
89 4 104 107
90 5 104 108
91 1 109 110
92 2 109 111
93 3 109 112
94 4 110 113
95 5 110 114
96 1 115 116
97 2 115 117
98 3 115 118
99 4 116 119
100 5 116 120
101 1 121 122
102 2 121 123
103 3 121 124
104 4 122 125
105 5 122 126
106 1 127 128
107 2 127 129
108 3 127 130
109 4 128 131
110 5 128 132
111 1 133 134
112 2 133 135
113 3 133 136
114 4 134 137
115 5 134 138
116 1 139 140
117 2 139 141
118 3 139 142
119 4 140 143
120 5 140 144
121 1 145 146
122 2 145 147
123 3 145 148
124 4 146 149
125 5 146 150
126 1 151 152
127 2 151 153
128 3 151 154
129 4 152 155
130 5 152 156
131 1 157 158
132 2 157 159
133 3 157 160
134 4 158 161
135 5 158 162
136 1 163 164
137 2 163 165
138 3 163 166
139 4 164 167
140 5 164 168
141 1 169 170
142 2 169 171
143 3 169 172
144 4 170 173
145 5 170 174
146 1 175 176
147 2 175 177
148 3 175 178
149 4 176 179
150 5 176 180
151 1 181 182
152 2 181 183
153 3 181 184
154 4 182 185
155 5 182 186
156 1 187 188
157 2 187 189
158 3 187 190
159 4 188 191
160 5 188 192
161 1 193 194
162 2 193 195
163 3 193 196
164 4 194 197
165 5 194 198
166 1 199 200
167 2 199 201
168 3 199 202
169 4 200 203
170 5 200 204
171 1 205 206
172 2 205 207
173 3 205 208
174 4 206 209
175 5 206 210
176 1 211 212
177 2 211 213
178 3 211 214
179 4 212 215
180 5 212 216
181 1 217 218
182 2 217 219
183 3 217 220
184 4 218 221
185 5 218 222
186 1 223 224
187 2 223 225
188 3 223 226
189 4 224 227
190 5 224 228
191 1 229 230
192 2 229 231
193 3 229 232
194 4 230 233
195 5 230 234
196 1 235 236
197 2 235 237
198 3 235 238
199 4 236 239
200 5 236 240
201 1 241 242
202 2 241 243
203 3 241 244
204 4 242 245
205 5 242 246
206 1 247 248
207 2 247 249
208 3 247 250
209 4 248 251
210 5 248 252
211 1 253 254
212 2 253 255
213 3 253 256
214 4 254 257
215 5 254 258
216 1 259 260
217 2 259 261
218 3 259 262
219 4 260 263
220 5 260 264
221 1 265 266
222 2 265 267
223 3 265 268
224 4 266 269
225 5 266 270
226 1 271 272
227 2 271 273
228 3 271 274
229 4 272 275
230 5 272 276
231 1 277 278
232 2 277 279
233 3 277 280
234 4 278 281
235 5 278 282
236 1 283 284
237 2 283 285
238 3 283 286
239 4 284 287
240 5 284 288
241 1 289 290
242 2 289 291
243 3 289 292
244 4 290 293
245 5 290 294
246 1 295 296
247 2 295 297
248 3 295 298
249 4 296 299
250 5 296 300
251 1 301 302
252 2 301 303
253 3 301 304
254 4 302 305
255 5 302 306
256 1 307 308
257 2 307 309
258 3 307 310
259 4 308 311
260 5 308 312
261 6 316 318
262 7 317 318
263 8 314 316
264 9 315 317
265 10 313 315
266 11 313 319
267 12 314 320
268 13 315 321
269 14 316 322
270 15 317 323
271 16 318 324
272 17 313 314
273 6 328 330
274 7 329 330
275 8 326 328
276 9 327 329
277 10 325 327
278 11 325 331
279 12 326 332
280 13 327 333
281 14 328 334
282 15 329 335
283 16 330 336
284 17 325 326
285 6 340 342
286 7 341 342
287 8 338 340
288 9 339 341
289 10 337 339
290 11 337 343
291 12 338 344
292 13 339 345
293 14 340 346
294 15 341 347
295 16 342 348
296 17 337 338
297 6 352 354
298 7 353 354
299 8 350 352
300 9 351 353
301 10 349 351
302 11 349 355
303 12 350 356
304 13 351 357
305 14 352 358
306 15 353 359
307 16 354 360
308 17 349 350
309 6 364 366
310 7 365 366
311 8 362 364
312 9 363 365
313 10 361 363
314 11 361 367
315 12 362 368
316 13 363 369
317 14 364 370
318 15 365 371
319 16 366 372
320 17 361 362
321 6 376 378
322 7 377 378
323 8 374 376
324 9 375 377
325 10 373 375
326 11 373 379
327 12 374 380
328 13 375 381
329 14 376 382
330 15 377 383
331 16 378 384
332 17 373 374
333 6 388 390
334 7 389 390
335 8 386 388
336 9 387 389
337 10 385 387
338 11 385 391
339 12 386 392
340 13 387 393
341 14 388 394
342 15 389 395
343 16 390 396
344 17 385 386
345 6 400 402
346 7 401 402
347 8 398 400
348 9 399 401
349 10 397 399
350 11 397 403
351 12 398 404
352 13 399 405
353 14 400 406
354 15 401 407
355 16 402 408
356 17 397 398
357 6 412 414
358 7 413 414
359 8 410 412
360 9 411 413
361 10 409 411
362 11 409 415
363 12 410 416
364 13 411 417
365 14 412 418
366 15 413 419
367 16 414 420
368 17 409 410
369 6 424 426
370 7 425 426
371 8 422 424
372 9 423 425
373 10 421 423
374 11 421 427
375 12 422 428
376 13 423 429
377 14 424 430
378 15 425 431
379 16 426 432
380 17 421 422
381 6 436 438
382 7 437 438
383 8 434 436
384 9 435 437
385 10 433 435
386 11 433 439
387 12 434 440
388 13 435 441
389 14 436 442
390 15 437 443
391 16 438 444
392 17 433 434
393 6 448 450
394 7 449 450
395 8 446 448
396 9 447 449
397 10 445 447
398 11 445 451
399 12 446 452
400 13 447 453
401 14 448 454
402 15 449 455
403 16 450 456
404 17 445 446
405 6 460 462
406 7 461 462
407 8 458 460
408 9 459 461
409 10 457 459
410 11 457 463
411 12 458 464
412 13 459 465
413 14 460 466
414 15 461 467
415 16 462 468
416 17 457 458
417 6 472 474
418 7 473 474
419 8 470 472
420 9 471 473
421 10 469 471
422 11 469 475
423 12 470 476
424 13 471 477
425 14 472 478
426 15 473 479
427 16 474 480
428 17 469 470
429 6 484 486
430 7 485 486
431 8 482 484
432 9 483 485
433 10 481 483
434 11 481 487
435 12 482 488
436 13 483 489
437 14 484 490
438 15 485 491
439 16 486 492
440 17 481 482
441 6 496 498
442 7 497 498
443 8 494 496
444 9 495 497
445 10 493 495
446 11 493 499
447 12 494 500
448 13 495 501
449 14 496 502
450 15 497 503
451 16 498 504
452 17 493 494
453 6 508 510
454 7 509 510
455 8 506 508
456 9 507 509
457 10 505 507
458 11 505 511
459 12 506 512
460 13 507 513
461 14 508 514
462 15 509 515
463 16 510 516
464 17 505 506
465 6 520 522
466 7 521 522
467 8 518 520
468 9 519 521
469 10 517 519
470 11 517 523
471 12 518 524
472 13 519 525
473 14 520 526
474 15 521 527
475 16 522 528
476 17 517 518
477 6 532 534
478 7 533 534
479 8 530 532
480 9 531 533
481 10 529 531
482 11 529 535
483 12 530 536
484 13 531 537
485 14 532 538
486 15 533 539
487 16 534 540
488 17 529 530
489 6 544 546
490 7 545 546
491 8 542 544
492 9 543 545
493 10 541 543
494 11 541 547
495 12 542 548
496 13 543 549
497 14 544 550
498 15 545 551
499 16 546 552
500 17 541 542
501 6 556 558
502 7 557 558
503 8 554 556
504 9 555 557
505 10 553 555
506 11 553 559
507 12 554 560
508 13 555 561
509 14 556 562
510 15 557 563
511 16 558 564
512 17 553 554
513 6 568 570
514 7 569 570
515 8 566 568
516 9 567 569
517 10 565 567
518 11 565 571
519 12 566 572
520 13 567 573
521 14 568 574
522 15 569 575
523 16 570 576
524 17 565 566
525 6 580 582
526 7 581 582
527 8 578 580
528 9 579 581
529 10 577 579
530 11 577 583
531 12 578 584
532 13 579 585
533 14 580 586
534 15 581 587
535 16 582 588
536 17 577 578
537 6 592 594
538 7 593 594
539 8 590 592
540 9 591 593
541 10 589 591
542 11 589 595
543 12 590 596
544 13 591 597
545 14 592 598
546 15 593 599
547 16 594 600
548 17 589 590
549 6 604 606
550 7 605 606
551 8 602 604
552 9 603 605
553 10 601 603
554 11 601 607
555 12 602 608
556 13 603 609
557 14 604 610
558 15 605 611
559 16 606 612
560 17 601 602
561 6 616 618
562 7 617 618
563 8 614 616
564 9 615 617
565 10 613 615
566 11 613 619
567 12 614 620
568 13 615 621
569 14 616 622
570 15 617 623
571 16 618 624
572 17 613 614
